9.236071777343750000e+01
9.415676879882812500e+01
9.208524322509765625e+01
9.230216979980468750e+01
9.140306854248046875e+01
9.266446685791015625e+01
9.331517791748046875e+01
9.099846649169921875e+01
9.042287445068359375e+01
8.544918060302734375e+01
8.001654052734375000e+01
7.752940368652343750e+01
7.543238830566406250e+01
7.301272583007812500e+01
7.040101623535156250e+01
6.914736175537109375e+01
6.778153991699218750e+01
6.565165710449218750e+01
6.492495727539062500e+01
6.710975646972656250e+01
7.293832397460937500e+01
7.489701843261718750e+01
7.892127227783203125e+01
8.288637542724609375e+01
8.586317443847656250e+01
8.637695312500000000e+01
8.557593536376953125e+01
8.611592102050781250e+01
8.244113922119140625e+01
7.884899139404296875e+01
7.496038818359375000e+01
7.464371490478515625e+01
7.204970550537109375e+01
7.282447814941406250e+01
7.349145507812500000e+01
7.504457092285156250e+01
7.477269744873046875e+01
7.718709564208984375e+01
8.103240203857421875e+01
8.502715301513671875e+01
8.827135467529296875e+01
8.931289672851562500e+01
9.253012084960937500e+01
9.520209503173828125e+01
1.008218841552734375e+02
1.040885467529296875e+02
1.033743362426757812e+02
1.003006515502929688e+02
9.774025726318359375e+01
9.615130615234375000e+01
9.271926116943359375e+01
8.847691345214843750e+01
8.655835723876953125e+01
8.638336181640625000e+01
8.560079193115234375e+01
8.387185668945312500e+01
8.720298004150390625e+01
9.426490020751953125e+01
9.683979797363281250e+01
9.735967254638671875e+01
1.019205627441406250e+02
1.092285842895507812e+02
1.140648498535156250e+02
1.166933975219726562e+02
1.187133178710937500e+02
1.191142349243164062e+02
1.149668121337890625e+02
1.122203292846679688e+02
1.125127716064453125e+02
1.194322357177734375e+02
1.240480651855468750e+02
1.209272460937500000e+02
1.185752792358398438e+02
1.175040588378906250e+02
1.144411544799804688e+02
1.132044448852539062e+02
1.110765228271484375e+02
1.084649047851562500e+02
1.057197418212890625e+02
1.021518402099609375e+02
9.707396697998046875e+01
9.142617797851562500e+01
8.563038635253906250e+01
8.140500640869140625e+01
8.092301177978515625e+01
8.253359985351562500e+01
8.493331146240234375e+01
8.446805572509765625e+01
8.389620208740234375e+01
8.262738037109375000e+01
7.896489715576171875e+01
7.853406524658203125e+01
8.098511505126953125e+01
8.463810729980468750e+01
9.014236450195312500e+01
9.453405761718750000e+01
9.649946594238281250e+01
9.722457122802734375e+01
9.509328460693359375e+01
9.333330535888671875e+01
9.139201354980468750e+01
9.118294525146484375e+01
9.013259124755859375e+01
8.919110107421875000e+01
8.765473937988281250e+01
8.205794525146484375e+01
7.745126342773437500e+01
7.460623931884765625e+01
7.259326171875000000e+01
7.014759826660156250e+01
6.823782348632812500e+01
6.673141479492187500e+01
6.690428161621093750e+01
6.559696197509765625e+01
6.887991333007812500e+01
7.128915405273437500e+01
7.652996826171875000e+01
7.812921905517578125e+01
8.106256103515625000e+01
8.601752471923828125e+01
8.634916687011718750e+01
8.754049682617187500e+01
8.767684173583984375e+01
8.792029571533203125e+01
8.154003143310546875e+01
7.540338897705078125e+01
7.193335723876953125e+01
7.257711791992187500e+01
7.415864562988281250e+01
7.461406707763671875e+01
7.464064788818359375e+01
7.483950042724609375e+01
7.497766113281250000e+01
7.939375305175781250e+01
8.344943237304687500e+01
9.001492309570312500e+01
9.160353851318359375e+01
9.523249816894531250e+01
9.713479614257812500e+01
1.004902572631835938e+02
1.043482742309570312e+02
1.047442932128906250e+02
1.032106018066406250e+02
9.942088317871093750e+01
9.845295715332031250e+01
9.700788116455078125e+01
9.326494598388671875e+01
8.982215881347656250e+01
8.889253234863281250e+01
8.879624938964843750e+01
8.609049987792968750e+01
8.654679107666015625e+01
9.229719543457031250e+01
9.829167175292968750e+01
9.834077453613281250e+01
1.012415161132812500e+02
1.080645294189453125e+02
1.134984359741210938e+02
1.159013748168945312e+02
1.173080596923828125e+02
1.191016159057617188e+02
1.185659103393554688e+02
1.141853485107421875e+02
1.114828338623046875e+02
1.152448806762695312e+02
1.228180007934570312e+02
1.223640823364257812e+02
1.201992263793945312e+02
1.177751922607421875e+02
1.153325271606445312e+02
1.132232742309570312e+02
1.126533813476562500e+02
1.097294158935546875e+02
1.058504257202148438e+02
1.040500717163085938e+02
1.008392333984375000e+02
9.547090148925781250e+01
8.966887664794921875e+01
8.406679534912109375e+01
8.220197296142578125e+01
8.078000640869140625e+01
8.227696228027343750e+01
8.273896026611328125e+01
8.286464691162109375e+01
8.348896026611328125e+01
8.171926116943359375e+01
7.933773040771484375e+01
8.034908294677734375e+01
8.207711029052734375e+01
8.595858764648437500e+01
9.149731445312500000e+01
9.457983398437500000e+01
9.756388092041015625e+01
9.699984741210937500e+01
9.676258087158203125e+01
9.426699829101562500e+01
9.291285705566406250e+01
9.177840423583984375e+01
9.020323944091796875e+01
8.941547393798828125e+01
8.607110595703125000e+01
8.021928405761718750e+01
7.698162078857421875e+01
7.386505889892578125e+01
7.103184509277343750e+01
6.782286071777343750e+01
6.759078979492187500e+01
6.667866516113281250e+01
6.791419982910156250e+01
6.838935852050781250e+01
7.139849853515625000e+01
7.566215515136718750e+01
7.874228668212890625e+01
8.243108367919921875e+01
8.593345642089843750e+01
8.931107330322265625e+01
8.759232330322265625e+01
8.620899963378906250e+01
8.464083099365234375e+01
8.283387756347656250e+01
8.310085296630859375e+01
8.081034088134765625e+01
7.665024566650390625e+01
7.138327789306640625e+01
7.104092407226562500e+01
7.074911499023437500e+01
7.427339935302734375e+01
7.395947265625000000e+01
7.496006011962890625e+01
7.768295288085937500e+01
8.124690246582031250e+01
8.737501525878906250e+01
9.140608215332031250e+01
9.597277832031250000e+01
1.003833770751953125e+02
1.042308197021484375e+02
1.056515884399414062e+02
1.038221588134765625e+02
9.951470184326171875e+01
9.768161010742187500e+01
9.569677734375000000e+01
9.385805511474609375e+01
9.074108123779296875e+01
8.795236206054687500e+01
8.760378265380859375e+01
8.905359649658203125e+01
8.606338500976562500e+01
8.684809875488281250e+01
9.248459625244140625e+01
9.735624694824218750e+01
9.685282897949218750e+01
9.936953735351562500e+01
1.064258575439453125e+02
1.137406921386718750e+02
1.157633514404296875e+02
1.173418579101562500e+02
1.194398193359375000e+02
1.166532669067382812e+02
1.133163986206054688e+02
1.108212509155273438e+02
1.157465438842773438e+02
1.233321380615234375e+02
1.207413787841796875e+02
1.181803588867187500e+02
1.174414138793945312e+02
1.154076614379882812e+02
1.139930648803710938e+02
1.124989547729492188e+02
1.093828506469726562e+02
1.055322494506835938e+02
1.031051483154296875e+02
9.931865692138671875e+01
9.485350036621093750e+01
8.947401428222656250e+01
8.469000244140625000e+01
8.215401458740234375e+01
8.066619873046875000e+01
8.195500946044921875e+01
8.255794525146484375e+01
8.193882751464843750e+01
8.177218627929687500e+01
8.061810302734375000e+01
7.922462463378906250e+01
8.006980133056640625e+01
8.216761016845703125e+01
8.692850494384765625e+01
9.227771759033203125e+01
9.660452270507812500e+01
1.009893646240234375e+02
1.006846847534179688e+02
9.878056335449218750e+01
9.570419311523437500e+01
9.292243194580078125e+01
9.155619049072265625e+01
8.853934478759765625e+01
8.818410491943359375e+01
8.553884887695312500e+01
8.073338317871093750e+01
7.655532836914062500e+01
7.390863800048828125e+01
7.159333038330078125e+01
6.807540130615234375e+01
6.738401031494140625e+01
6.594518280029296875e+01
6.772804260253906250e+01
6.787692260742187500e+01
7.141990661621093750e+01
7.563294982910156250e+01
7.905859375000000000e+01
8.397082519531250000e+01
8.720162200927734375e+01
8.969296264648437500e+01
8.803845214843750000e+01
8.714869689941406250e+01
8.578758239746093750e+01
8.340785980224609375e+01
8.247989654541015625e+01
7.904877471923828125e+01
7.580177307128906250e+01
7.223439025878906250e+01
7.297904968261718750e+01
7.196163177490234375e+01
7.412763214111328125e+01
7.376072692871093750e+01
7.456971740722656250e+01
7.769190979003906250e+01
8.288464355468750000e+01
9.021809387207031250e+01
9.439308166503906250e+01
9.920738220214843750e+01
1.030170898437500000e+02
1.051810302734375000e+02
1.068283462524414062e+02
1.039910430908203125e+02
9.981838226318359375e+01
9.713785552978515625e+01
9.577584075927734375e+01
9.402725982666015625e+01
9.064640045166015625e+01
8.772813415527343750e+01
8.762290954589843750e+01
8.813579559326171875e+01
8.461941528320312500e+01
8.644374847412109375e+01
9.228993225097656250e+01
9.724257659912109375e+01
9.653202819824218750e+01
1.002652969360351562e+02
1.074200973510742188e+02
1.142807464599609375e+02
1.166005401611328125e+02
1.181209640502929688e+02
1.202517089843750000e+02
1.171790161132812500e+02
1.137588653564453125e+02
1.111187515258789062e+02
1.159965057373046875e+02
1.227110595703125000e+02
1.202211685180664062e+02
1.174628524780273438e+02
1.167818145751953125e+02
1.149436569213867188e+02
1.137101669311523438e+02
1.129609375000000000e+02
1.074573516845703125e+02
1.057217025756835938e+02
1.044097747802734375e+02
1.004113006591796875e+02
9.707209777832031250e+01
9.226292419433593750e+01
8.801687622070312500e+01
8.543199920654296875e+01
8.396234130859375000e+01
8.448731231689453125e+01
8.351365661621093750e+01
8.261382293701171875e+01
8.439353942871093750e+01
8.315355682373046875e+01
8.302257537841796875e+01
8.339276885986328125e+01
8.373606109619140625e+01
8.750769042968750000e+01
9.193321990966796875e+01
9.558530426025390625e+01
9.790402984619140625e+01
9.668411254882812500e+01
9.473511505126953125e+01
9.341629791259765625e+01
9.135471343994140625e+01
8.885173034667968750e+01
8.856160736083984375e+01
8.822623443603515625e+01
8.281997680664062500e+01
7.954008483886718750e+01
7.611224365234375000e+01
7.264006805419921875e+01
6.972225952148437500e+01
6.863111877441406250e+01
6.853551483154296875e+01
6.970193481445312500e+01
6.817533111572265625e+01
7.169823455810546875e+01
7.569842529296875000e+01
7.885270690917968750e+01
8.068076324462890625e+01
8.405969238281250000e+01
8.889593505859375000e+01
8.767430877685546875e+01
8.780503082275390625e+01
8.739978027343750000e+01
8.721688842773437500e+01
8.360452270507812500e+01
7.929099273681640625e+01
7.509567260742187500e+01
7.228118133544921875e+01
7.156734466552734375e+01
7.290348052978515625e+01
7.415190124511718750e+01
7.535790252685546875e+01
7.564492034912109375e+01
7.824552154541015625e+01
8.068502807617187500e+01
8.663932800292968750e+01
9.115595245361328125e+01
9.565402221679687500e+01
9.997597503662109375e+01
1.053335571289062500e+02
1.076899185180664062e+02
1.051439285278320312e+02
1.026380310058593750e+02
9.925389862060546875e+01
9.759329986572265625e+01
9.506682586669921875e+01
9.309282684326171875e+01
8.956732177734375000e+01
8.817098999023437500e+01
8.941126251220703125e+01
8.574308013916015625e+01
8.629211425781250000e+01
9.034508514404296875e+01
9.667993927001953125e+01
9.792024993896484375e+01
9.900897216796875000e+01
1.061329345703125000e+02
1.127170333862304688e+02
1.153476333618164062e+02
1.166877288818359375e+02
1.187658691406250000e+02
1.187202453613281250e+02
1.141221923828125000e+02
1.130215988159179688e+02
1.155186080932617188e+02
1.221540298461914062e+02
1.230544281005859375e+02
1.189456939697265625e+02
1.172094345092773438e+02
1.160060653686523438e+02
1.134371795654296875e+02
1.129149780273437500e+02
1.088145523071289062e+02
1.043999938964843750e+02
1.029121704101562500e+02
1.005433807373046875e+02
9.789373779296875000e+01
9.317597198486328125e+01
8.994405364990234375e+01
8.844839477539062500e+01
8.719036102294921875e+01
8.528485107421875000e+01
8.446517181396484375e+01
8.263526916503906250e+01
8.319267272949218750e+01
8.465777587890625000e+01
8.573081207275390625e+01
8.493319702148437500e+01
8.557045745849609375e+01
8.761616516113281250e+01
9.022723388671875000e+01
9.472590637207031250e+01
9.610440063476562500e+01
9.585636138916015625e+01
9.521308898925781250e+01
9.459523773193359375e+01
9.274339294433593750e+01
8.932671356201171875e+01
8.743448638916015625e+01
8.513056182861328125e+01
7.933934020996093750e+01
7.736059570312500000e+01
7.613377380371093750e+01
7.123841094970703125e+01
6.837631225585937500e+01
6.846736145019531250e+01
6.797456359863281250e+01
6.708934020996093750e+01
6.692118072509765625e+01
7.012069702148437500e+01
7.550373840332031250e+01
7.736082458496093750e+01
8.206749725341796875e+01
8.455297851562500000e+01
8.680591583251953125e+01
8.817874145507812500e+01
8.853610992431640625e+01
8.964352416992187500e+01
8.570838928222656250e+01
8.184440612792968750e+01
7.393788146972656250e+01
7.225756072998046875e+01
6.979688262939453125e+01
7.241973114013671875e+01
7.286266326904296875e+01
7.464197540283203125e+01
7.441253662109375000e+01
7.709690093994140625e+01
7.946377563476562500e+01
8.483708953857421875e+01
9.132538604736328125e+01
9.469197845458984375e+01
1.004289550781250000e+02
1.065068664550781250e+02
1.089845046997070312e+02
1.087702713012695312e+02
1.072958831787109375e+02
1.030040435791015625e+02
1.007210617065429688e+02
9.927117919921875000e+01
9.659492492675781250e+01
9.194387054443359375e+01
8.930538177490234375e+01
8.979931640625000000e+01
8.759458923339843750e+01
8.478244018554687500e+01
8.783837890625000000e+01
9.579708862304687500e+01
9.895110321044921875e+01
1.021780014038085938e+02
1.082067871093750000e+02
1.154800872802734375e+02
1.155938186645507812e+02
1.170125045776367188e+02
1.181738815307617188e+02
1.192699432373046875e+02
1.141600341796875000e+02
1.121332473754882812e+02
1.142789993286132812e+02
1.208505020141601562e+02
1.236982498168945312e+02
1.207493057250976562e+02
1.180190582275390625e+02
1.172189941406250000e+02
1.141360626220703125e+02
1.133602142333984375e+02
1.113089752197265625e+02
1.074600219726562500e+02
1.030564270019531250e+02
9.865498352050781250e+01
9.406900024414062500e+01
9.207680511474609375e+01
8.812037658691406250e+01
8.557763671875000000e+01
8.588827514648437500e+01
8.541621398925781250e+01
8.465276336669921875e+01
8.220747375488281250e+01
8.101051330566406250e+01
8.031200408935546875e+01
8.104222106933593750e+01
8.232102203369140625e+01
8.425866699218750000e+01
8.665861511230468750e+01
8.785941314697265625e+01
9.048873901367187500e+01
9.048157501220703125e+01
9.117279815673828125e+01
9.114366149902343750e+01
9.278371429443359375e+01
9.355458068847656250e+01
9.055245971679687500e+01
8.813003540039062500e+01
8.348379516601562500e+01
7.818334960937500000e+01
7.706490325927734375e+01
7.594015502929687500e+01
7.369629669189453125e+01
7.075260162353515625e+01
6.867874908447265625e+01
6.648314666748046875e+01
6.503069305419921875e+01
6.496162414550781250e+01
6.779947662353515625e+01
7.394720458984375000e+01
7.577477264404296875e+01
8.095191192626953125e+01
8.462386322021484375e+01
8.635346221923828125e+01
8.757530975341796875e+01
8.670820617675781250e+01
8.544933319091796875e+01
8.128343200683593750e+01
8.115756225585937500e+01
7.713512420654296875e+01
7.505443572998046875e+01
7.041407012939453125e+01
7.190550994873046875e+01
7.288916778564453125e+01
7.407931518554687500e+01
7.208790588378906250e+01
7.433326721191406250e+01
7.738157653808593750e+01
8.232163238525390625e+01
8.712646484375000000e+01
9.055722045898437500e+01
9.530410766601562500e+01
9.849284362792968750e+01
1.034445114135742188e+02
1.056872787475585938e+02
1.032630844116210938e+02
9.971853637695312500e+01
9.818977355957031250e+01
9.592581939697265625e+01
9.173770141601562500e+01
8.875046539306640625e+01
8.646800994873046875e+01
8.677840423583984375e+01
8.620666503906250000e+01
8.334339141845703125e+01
8.558743286132812500e+01
9.236416625976562500e+01
9.433769226074218750e+01
9.628215026855468750e+01
1.013854064941406250e+02
1.093704376220703125e+02
1.145332870483398438e+02
1.171897888183593750e+02
1.188588714599609375e+02
1.196670227050781250e+02
1.156054611206054688e+02
1.122971038818359375e+02
1.128207550048828125e+02
1.202977218627929688e+02
1.235071868896484375e+02
1.199181137084960938e+02
1.178582458496093750e+02
1.157405319213867188e+02
1.119571304321289062e+02
1.125737075805664062e+02
1.120513992309570312e+02
1.085007934570312500e+02
1.048656921386718750e+02
1.010481948852539062e+02
9.628823089599609375e+01
9.099349975585937500e+01
8.643338775634765625e+01
8.229977416992187500e+01
8.281931304931640625e+01
8.609410858154296875e+01
8.678683471679687500e+01
8.426434326171875000e+01
8.463389587402343750e+01
8.316836547851562500e+01
8.012825012207031250e+01
8.021375274658203125e+01
8.329532623291015625e+01
8.787908935546875000e+01
9.232988739013671875e+01
9.515055847167968750e+01
9.634446716308593750e+01
9.434587097167968750e+01
9.404789733886718750e+01
9.272097015380859375e+01
9.256586456298828125e+01
9.307932281494140625e+01
9.019519042968750000e+01
9.006698608398437500e+01
8.591193389892578125e+01
8.133356475830078125e+01
7.874456024169921875e+01
7.458234405517578125e+01
7.240055847167968750e+01
6.949562072753906250e+01
6.905883789062500000e+01
6.776966857910156250e+01
6.665268707275390625e+01
6.578604888916015625e+01
6.850807189941406250e+01
7.307128906250000000e+01
7.541302490234375000e+01
7.801133728027343750e+01
8.268192291259765625e+01
8.592876434326171875e+01
8.580878448486328125e+01
8.509734344482421875e+01
8.621574401855468750e+01
8.434252929687500000e+01
8.113951110839843750e+01
7.745008087158203125e+01
7.514974975585937500e+01
7.226045989990234375e+01
7.236948394775390625e+01
7.073094177246093750e+01
7.245084381103515625e+01
7.296337890625000000e+01
7.437725067138671875e+01
7.689327239990234375e+01
8.202807617187500000e+01
8.732514953613281250e+01
8.818241882324218750e+01
9.178707122802734375e+01
9.665480804443359375e+01
1.015797271728515625e+02
1.045911560058593750e+02
1.035860824584960938e+02
1.005979614257812500e+02
9.763837432861328125e+01
9.710976409912109375e+01
9.292417144775390625e+01
8.893029785156250000e+01
8.685440826416015625e+01
8.712532806396484375e+01
8.600434875488281250e+01
8.400711822509765625e+01
8.628869628906250000e+01
9.386608123779296875e+01
9.651666259765625000e+01
9.687555694580078125e+01
1.008436279296875000e+02
1.088157653808593750e+02
1.148415145874023438e+02
1.167785873413085938e+02
1.179428634643554688e+02
1.200827026367187500e+02
1.161468200683593750e+02
1.124529724121093750e+02
1.110758590698242188e+02
1.186018676757812500e+02
1.229974746704101562e+02
1.210308990478515625e+02
1.196789321899414062e+02
1.179420394897460938e+02
1.149725723266601562e+02
1.139819488525390625e+02
1.128892745971679688e+02
1.098288879394531250e+02
1.058493881225585938e+02
1.030116500854492188e+02
9.886751556396484375e+01
9.256132507324218750e+01
8.669683837890625000e+01
8.242729949951171875e+01
8.073902130126953125e+01
8.186431884765625000e+01
8.456135559082031250e+01
8.489216613769531250e+01
8.404383087158203125e+01
8.239463806152343750e+01
8.043833160400390625e+01
7.906543731689453125e+01
8.171765136718750000e+01
8.477657318115234375e+01
8.997692108154296875e+01
9.410232543945312500e+01
9.689543151855468750e+01
9.741150665283203125e+01
9.638377380371093750e+01
9.389167785644531250e+01
9.347415924072265625e+01
9.208216094970703125e+01
9.171077728271484375e+01
9.046575927734375000e+01
8.857752990722656250e+01
8.330835723876953125e+01
7.815218353271484375e+01
7.678662872314453125e+01
7.428458404541015625e+01
7.083552551269531250e+01
6.861953735351562500e+01
6.709677124023437500e+01
6.755496215820312500e+01
6.533860778808593750e+01
6.648101806640625000e+01
6.969247436523437500e+01
7.528133392333984375e+01
7.734077453613281250e+01
8.092311096191406250e+01
8.739772033691406250e+01
8.831894683837890625e+01
8.905116271972656250e+01
8.724752807617187500e+01
8.707231140136718750e+01
8.392662811279296875e+01
8.100841522216796875e+01
7.616107940673828125e+01
7.452729797363281250e+01
7.278032684326171875e+01
7.323862457275390625e+01
7.519185638427734375e+01
7.599813079833984375e+01
7.562798309326171875e+01
7.661703491210937500e+01
7.914095306396484375e+01
8.529812622070312500e+01
8.991952514648437500e+01
9.405261993408203125e+01
9.845844268798828125e+01
1.011596908569335938e+02
1.037148132324218750e+02
1.038165283203125000e+02
1.018875350952148438e+02
9.909099578857421875e+01
9.769785308837890625e+01
9.501712036132812500e+01
9.152356719970703125e+01
8.718418121337890625e+01
8.637532806396484375e+01
8.683997344970703125e+01
8.425487518310546875e+01
8.501803588867187500e+01
8.988028717041015625e+01
9.654113769531250000e+01
9.781854248046875000e+01
9.986206817626953125e+01
1.049885559082031250e+02
1.125916671752929688e+02
1.151269912719726562e+02
1.169526748657226562e+02
1.188875045776367188e+02
1.179548568725585938e+02
1.137339172363281250e+02
1.099022369384765625e+02
1.129934310913085938e+02
1.206155242919921875e+02
1.209248428344726562e+02
1.184349594116210938e+02
1.173885879516601562e+02
1.150632400512695312e+02
1.130950012207031250e+02
1.133348693847656250e+02
1.105277175903320312e+02
1.066126251220703125e+02
1.044157867431640625e+02
1.015984497070312500e+02
9.630316162109375000e+01
9.187480163574218750e+01
8.626826477050781250e+01
8.440811157226562500e+01
8.245355224609375000e+01
8.326313781738281250e+01
8.329943084716796875e+01
8.410566711425781250e+01
8.455282592773437500e+01
8.351940917968750000e+01
8.116184997558593750e+01
7.966883087158203125e+01
8.187507629394531250e+01
8.418608856201171875e+01
9.011446380615234375e+01
9.325502014160156250e+01
9.652285003662109375e+01
9.654114532470703125e+01
9.595880126953125000e+01
9.424743652343750000e+01
9.281707000732421875e+01
9.222885894775390625e+01
9.015537261962890625e+01
9.015097045898437500e+01
8.690483856201171875e+01
8.145970153808593750e+01
7.794431304931640625e+01
7.445887756347656250e+01
7.174794769287109375e+01
6.854412841796875000e+01
6.804476928710937500e+01
6.683992004394531250e+01
6.756665802001953125e+01
6.753646850585937500e+01
6.944358062744140625e+01
7.286882019042968750e+01
7.537664031982421875e+01
8.024781799316406250e+01
8.363635253906250000e+01
8.846447753906250000e+01
8.840217590332031250e+01
8.794899749755859375e+01
8.725046539306640625e+01
8.434237670898437500e+01
8.469580078125000000e+01
8.075572967529296875e+01
7.616750335693359375e+01
7.332410430908203125e+01
7.293228912353515625e+01
7.252337646484375000e+01
7.516301727294921875e+01
7.466929626464843750e+01
7.608110809326171875e+01
7.849899291992187500e+01
8.201558685302734375e+01
8.861765289306640625e+01
9.273862457275390625e+01
9.680656433105468750e+01
1.006493911743164062e+02
1.042534255981445312e+02
1.060718765258789062e+02
1.045422363281250000e+02
1.009748764038085938e+02
9.880103302001953125e+01
9.811921691894531250e+01
9.512474060058593750e+01
9.103170776367187500e+01
8.751060485839843750e+01
8.725391387939453125e+01
8.813038635253906250e+01
8.507376861572265625e+01
8.681508636474609375e+01
9.336895751953125000e+01
9.853873443603515625e+01
9.853909301757812500e+01
1.029767608642578125e+02
1.084662322998046875e+02
1.138322830200195312e+02
1.148696289062500000e+02
1.161011581420898438e+02
1.184772033691406250e+02
1.154066238403320312e+02
1.120978240966796875e+02
1.101744613647460938e+02
1.150557708740234375e+02
1.225541381835937500e+02
1.199813613891601562e+02
1.175191726684570312e+02
1.168248138427734375e+02
1.138626403808593750e+02
1.134065093994140625e+02
1.129571762084960938e+02
1.090519485473632812e+02
1.058296203613281250e+02
1.036918563842773438e+02
1.003105545043945312e+02
9.563366699218750000e+01
8.956232452392578125e+01
8.516667938232421875e+01
8.219750976562500000e+01
8.085469818115234375e+01
8.208108520507812500e+01
8.338794708251953125e+01
8.344171142578125000e+01
8.275963592529296875e+01
8.119120788574218750e+01
7.996759033203125000e+01
8.046762084960937500e+01
8.330124664306640625e+01
8.782044219970703125e+01
9.214842987060546875e+01
9.628585052490234375e+01
9.898249053955078125e+01
9.844942474365234375e+01
9.697428894042968750e+01
9.446702575683593750e+01
9.286309051513671875e+01
9.178565979003906250e+01
9.024287414550781250e+01
8.990439605712890625e+01
8.852439880371093750e+01
8.426239013671875000e+01
7.973748779296875000e+01
7.557530975341796875e+01
7.216352844238281250e+01
6.902675628662109375e+01
6.669268035888671875e+01
6.674727630615234375e+01
6.773805236816406250e+01
6.635771179199218750e+01
6.959991455078125000e+01
7.330789947509765625e+01
7.651687622070312500e+01
7.989387512207031250e+01
8.378138732910156250e+01
8.814418792724609375e+01
8.761510467529296875e+01
8.784863281250000000e+01
8.633792114257812500e+01
8.613787078857421875e+01
8.331458282470703125e+01
7.980503082275390625e+01
7.464016723632812500e+01
7.157839965820312500e+01
7.198551177978515625e+01
7.095302581787109375e+01
7.199355316162109375e+01
7.337837982177734375e+01
7.388923645019531250e+01
7.685459136962890625e+01
8.003390502929687500e+01
8.664727783203125000e+01
8.998286437988281250e+01
9.476486206054687500e+01
9.838812255859375000e+01
1.022271652221679688e+02
1.046153411865234375e+02
1.032358093261718750e+02
