9.109310150146484375e+01
9.152528381347656250e+01
9.164523315429687500e+01
9.136380767822265625e+01
9.156908416748046875e+01
9.137988281250000000e+01
9.126926422119140625e+01
9.132433319091796875e+01
9.188202667236328125e+01
9.150042724609375000e+01
9.105806732177734375e+01
9.129114532470703125e+01
9.179299163818359375e+01
9.126660919189453125e+01
9.146294403076171875e+01
9.160659027099609375e+01
9.135948944091796875e+01
9.143846893310546875e+01
9.144266510009765625e+01
9.203710174560546875e+01
9.132869720458984375e+01
9.122052764892578125e+01
9.153516387939453125e+01
9.153721618652343750e+01
9.145653533935546875e+01
9.120624542236328125e+01
9.102225494384765625e+01
9.148773956298828125e+01
9.175670623779296875e+01
9.140026092529296875e+01
9.147337341308593750e+01
9.124533081054687500e+01
9.192974090576171875e+01
9.191302490234375000e+01
9.144010925292968750e+01
9.140284729003906250e+01
9.135277557373046875e+01
9.170305633544921875e+01
9.148157501220703125e+01
9.192923736572265625e+01
9.144287109375000000e+01
9.143782806396484375e+01
9.174908447265625000e+01
9.148466491699218750e+01
9.136155700683593750e+01
9.178742980957031250e+01
9.121818542480468750e+01
9.118410491943359375e+01
9.175740814208984375e+01
9.144263458251953125e+01
9.156915283203125000e+01
9.158513641357421875e+01
9.157157897949218750e+01
9.153716278076171875e+01
9.183550262451171875e+01
9.129378509521484375e+01
9.124855804443359375e+01
9.187710571289062500e+01
9.165649414062500000e+01
9.126257324218750000e+01
9.188523101806640625e+01
9.107597351074218750e+01
9.114163970947265625e+01
9.140722656250000000e+01
9.135378265380859375e+01
9.141145324707031250e+01
9.133354949951171875e+01
9.156590270996093750e+01
9.185873413085937500e+01
9.165636444091796875e+01
9.133982086181640625e+01
9.165038299560546875e+01
9.167745971679687500e+01
9.215628051757812500e+01
9.119102478027343750e+01
9.170986938476562500e+01
9.142873382568359375e+01
9.201046752929687500e+01
9.143517303466796875e+01
9.150907897949218750e+01
9.146176147460937500e+01
9.158698272705078125e+01
9.177471160888671875e+01
9.128401184082031250e+01
9.144504547119140625e+01
9.186891937255859375e+01
9.195100402832031250e+01
9.163204193115234375e+01
9.139775085449218750e+01
9.134338378906250000e+01
9.177593231201171875e+01
9.139920806884765625e+01
9.137139892578125000e+01
9.153291320800781250e+01
9.157057189941406250e+01
9.156479644775390625e+01
9.126453399658203125e+01
9.190699005126953125e+01
9.126010894775390625e+01
9.099404144287109375e+01
9.104061889648437500e+01
9.162368774414062500e+01
9.119660186767578125e+01
9.106779479980468750e+01
9.142115783691406250e+01
9.186087799072265625e+01
9.156712341308593750e+01
9.177528381347656250e+01
9.177981567382812500e+01
9.161653900146484375e+01
9.151964569091796875e+01
9.154070281982421875e+01
9.186129760742187500e+01
9.183201599121093750e+01
9.198682403564453125e+01
9.165929412841796875e+01
9.126484680175781250e+01
9.119905853271484375e+01
9.160742187500000000e+01
9.148921966552734375e+01
9.161520385742187500e+01
9.149056243896484375e+01
9.178061676025390625e+01
9.119144439697265625e+01
9.108227539062500000e+01
9.147697448730468750e+01
9.111072540283203125e+01
9.149622344970703125e+01
9.135797119140625000e+01
9.131740570068359375e+01
9.124351501464843750e+01
9.175209045410156250e+01
9.144714355468750000e+01
9.147064208984375000e+01
9.166067504882812500e+01
9.151037597656250000e+01
9.144036102294921875e+01
9.167424011230468750e+01
9.140504455566406250e+01
9.194939422607421875e+01
9.120778656005859375e+01
9.192693328857421875e+01
9.179542541503906250e+01
9.153269195556640625e+01
9.169882965087890625e+01
9.170745849609375000e+01
9.172956085205078125e+01
9.144664764404296875e+01
9.134024810791015625e+01
9.171276092529296875e+01
9.195915985107421875e+01
9.147350311279296875e+01
9.174739837646484375e+01
9.117217254638671875e+01
9.093817901611328125e+01
9.184120178222656250e+01
9.170395660400390625e+01
9.166908264160156250e+01
9.203151702880859375e+01
9.113279724121093750e+01
9.162139892578125000e+01
9.143305969238281250e+01
9.196923828125000000e+01
9.143911743164062500e+01
9.163715362548828125e+01
9.116867065429687500e+01
9.159799194335937500e+01
9.107578277587890625e+01
9.153662109375000000e+01
9.160678863525390625e+01
9.167177581787109375e+01
9.157435607910156250e+01
9.183352661132812500e+01
9.130548095703125000e+01
9.153636932373046875e+01
9.167733764648437500e+01
9.148896789550781250e+01
9.165744781494140625e+01
9.176187133789062500e+01
9.125434112548828125e+01
9.172635650634765625e+01
9.142999267578125000e+01
9.182547760009765625e+01
9.167500305175781250e+01
9.147547149658203125e+01
9.125190734863281250e+01
9.164238739013671875e+01
9.172983551025390625e+01
9.154336547851562500e+01
9.149033355712890625e+01
9.147517395019531250e+01
9.188890838623046875e+01
9.188378143310546875e+01
9.185045623779296875e+01
9.138517761230468750e+01
9.149322509765625000e+01
9.184140014648437500e+01
9.129174804687500000e+01
9.103793334960937500e+01
9.166941833496093750e+01
9.156514739990234375e+01
9.171907806396484375e+01
9.165327453613281250e+01
9.145701599121093750e+01
9.176480865478515625e+01
9.149026489257812500e+01
9.176832580566406250e+01
9.153199768066406250e+01
9.149121093750000000e+01
9.130548095703125000e+01
9.157300567626953125e+01
9.146614074707031250e+01
9.153489685058593750e+01
9.173042297363281250e+01
9.135291290283203125e+01
9.181510925292968750e+01
9.169568634033203125e+01
9.163664245605468750e+01
9.145902252197265625e+01
9.151851654052734375e+01
9.158390045166015625e+01
9.201953125000000000e+01
9.144203186035156250e+01
9.135774993896484375e+01
9.166043090820312500e+01
9.211235809326171875e+01
9.169058990478515625e+01
9.162898254394531250e+01
9.153231811523437500e+01
9.133374023437500000e+01
9.148875427246093750e+01
9.140222167968750000e+01
9.141354370117187500e+01
9.127673339843750000e+01
9.167785644531250000e+01
9.144838714599609375e+01
9.101798248291015625e+01
9.171745300292968750e+01
9.194726562500000000e+01
9.144985198974609375e+01
9.220806121826171875e+01
9.157693481445312500e+01
9.187236022949218750e+01
9.159358215332031250e+01
9.210832977294921875e+01
9.162885284423828125e+01
9.157888031005859375e+01
9.169766998291015625e+01
9.174901580810546875e+01
9.205327606201171875e+01
9.174807739257812500e+01
9.138268280029296875e+01
9.191963195800781250e+01
9.145731353759765625e+01
9.159949493408203125e+01
9.173197937011718750e+01
9.204682159423828125e+01
9.169891357421875000e+01
9.188903045654296875e+01
9.114102935791015625e+01
9.146577453613281250e+01
9.150170135498046875e+01
9.167227935791015625e+01
9.178794860839843750e+01
9.150785064697265625e+01
9.189323425292968750e+01
9.151739501953125000e+01
9.159331512451171875e+01
9.154306030273437500e+01
9.156931304931640625e+01
9.161933898925781250e+01
9.186821746826171875e+01
9.171725463867187500e+01
9.154289245605468750e+01
9.191012573242187500e+01
9.125353240966796875e+01
9.169313049316406250e+01
9.132629394531250000e+01
9.156473541259765625e+01
9.153323364257812500e+01
9.175776672363281250e+01
9.150917816162109375e+01
9.179772949218750000e+01
9.179218292236328125e+01
9.173780059814453125e+01
9.225386047363281250e+01
9.170970153808593750e+01
9.177896881103515625e+01
9.141833496093750000e+01
9.169756317138671875e+01
9.106822204589843750e+01
9.167218780517578125e+01
9.147453308105468750e+01
9.137314605712890625e+01
9.097424316406250000e+01
9.175185394287109375e+01
9.174951934814453125e+01
9.168304443359375000e+01
9.160276031494140625e+01
9.163916778564453125e+01
9.179717254638671875e+01
9.162732696533203125e+01
9.192419433593750000e+01
9.188976287841796875e+01
9.168574523925781250e+01
9.152665710449218750e+01
9.189096069335937500e+01
9.172455596923828125e+01
9.158998107910156250e+01
9.180823516845703125e+01
9.197110748291015625e+01
9.159275817871093750e+01
9.164376831054687500e+01
9.155612945556640625e+01
9.173342895507812500e+01
9.169062042236328125e+01
9.143530273437500000e+01
9.130416107177734375e+01
9.152532958984375000e+01
9.151006317138671875e+01
9.161366271972656250e+01
9.170622253417968750e+01
9.134555053710937500e+01
9.177306365966796875e+01
9.165729522705078125e+01
9.142453765869140625e+01
9.149650573730468750e+01
9.138572692871093750e+01
9.211213684082031250e+01
9.207884979248046875e+01
9.147898864746093750e+01
9.188835144042968750e+01
9.192984008789062500e+01
9.182444763183593750e+01
9.182008361816406250e+01
9.178962707519531250e+01
9.159407043457031250e+01
9.156361389160156250e+01
9.171061706542968750e+01
9.149952697753906250e+01
9.144864654541015625e+01
9.156218719482421875e+01
9.150369262695312500e+01
9.139266967773437500e+01
9.197565460205078125e+01
9.128878021240234375e+01
9.210600280761718750e+01
9.180014038085937500e+01
9.162282562255859375e+01
9.132830810546875000e+01
9.141061401367187500e+01
9.181475830078125000e+01
9.158524322509765625e+01
9.108901977539062500e+01
9.175865173339843750e+01
9.215042114257812500e+01
9.162197875976562500e+01
9.162080383300781250e+01
9.148030853271484375e+01
9.167412567138671875e+01
9.151371765136718750e+01
9.141835021972656250e+01
9.181559753417968750e+01
9.152750396728515625e+01
9.167946624755859375e+01
9.131629943847656250e+01
9.199575805664062500e+01
9.131273651123046875e+01
9.128070831298828125e+01
9.154958343505859375e+01
9.178309631347656250e+01
9.191558837890625000e+01
9.174568939208984375e+01
9.183329772949218750e+01
9.172325134277343750e+01
9.151328277587890625e+01
9.179901885986328125e+01
9.118565368652343750e+01
9.189848327636718750e+01
9.192002105712890625e+01
9.156349182128906250e+01
9.173393249511718750e+01
9.122585296630859375e+01
9.136537170410156250e+01
9.156672668457031250e+01
9.173588562011718750e+01
9.184601593017578125e+01
9.158841705322265625e+01
9.168186950683593750e+01
9.152597808837890625e+01
9.194878387451171875e+01
9.198320007324218750e+01
9.188636016845703125e+01
9.175635528564453125e+01
9.159552764892578125e+01
9.171874237060546875e+01
9.183391571044921875e+01
9.181356811523437500e+01
9.161594390869140625e+01
9.160588836669921875e+01
9.140306091308593750e+01
9.148995971679687500e+01
9.157587432861328125e+01
9.141013336181640625e+01
9.147263336181640625e+01
9.159951782226562500e+01
9.146450042724609375e+01
9.171503448486328125e+01
9.164916992187500000e+01
9.186649322509765625e+01
9.172053527832031250e+01
9.201138305664062500e+01
9.153276824951171875e+01
9.152758026123046875e+01
9.127752685546875000e+01
9.175328826904296875e+01
9.162789154052734375e+01
9.168773651123046875e+01
9.130507659912109375e+01
9.160470581054687500e+01
9.187601470947265625e+01
9.177771759033203125e+01
9.143753814697265625e+01
9.143988800048828125e+01
9.161430358886718750e+01
9.152075195312500000e+01
9.172010803222656250e+01
9.112377929687500000e+01
9.153242492675781250e+01
9.132659912109375000e+01
9.207904815673828125e+01
9.099758148193359375e+01
9.180079650878906250e+01
9.195962524414062500e+01
9.196882629394531250e+01
9.182264709472656250e+01
9.178979492187500000e+01
9.185982513427734375e+01
9.173519897460937500e+01
9.154603576660156250e+01
9.157254028320312500e+01
9.220307922363281250e+01
9.184550476074218750e+01
9.145904541015625000e+01
9.158930206298828125e+01
9.163045501708984375e+01
9.180552673339843750e+01
9.177331542968750000e+01
9.142130279541015625e+01
9.236712646484375000e+01
9.205945587158203125e+01
9.169930267333984375e+01
9.175787353515625000e+01
9.160981750488281250e+01
9.200282287597656250e+01
9.186591339111328125e+01
9.139952850341796875e+01
9.128070831298828125e+01
9.191414642333984375e+01
9.169393157958984375e+01
9.223657226562500000e+01
9.181274414062500000e+01
9.206420898437500000e+01
9.142887878417968750e+01
9.152543640136718750e+01
9.187059783935546875e+01
9.153513336181640625e+01
9.191969299316406250e+01
9.144831848144531250e+01
9.194727325439453125e+01
9.192974853515625000e+01
9.187793731689453125e+01
9.160528564453125000e+01
9.198979949951171875e+01
9.237389373779296875e+01
9.139071655273437500e+01
9.157808685302734375e+01
9.161305236816406250e+01
9.166273498535156250e+01
9.195851898193359375e+01
9.192209625244140625e+01
9.171817779541015625e+01
9.184304046630859375e+01
9.201097106933593750e+01
9.159148406982421875e+01
9.168123626708984375e+01
9.168727111816406250e+01
9.149472045898437500e+01
9.190347290039062500e+01
9.169793701171875000e+01
9.210212707519531250e+01
9.159883117675781250e+01
9.182106018066406250e+01
9.203623962402343750e+01
9.151217651367187500e+01
9.197108459472656250e+01
9.197110748291015625e+01
9.184530639648437500e+01
9.120442199707031250e+01
9.213384246826171875e+01
9.181419372558593750e+01
9.142960357666015625e+01
9.178705596923828125e+01
9.144584655761718750e+01
9.133007812500000000e+01
9.197902679443359375e+01
9.180241394042968750e+01
9.156349182128906250e+01
9.175459289550781250e+01
9.127379608154296875e+01
9.146773529052734375e+01
9.137981414794921875e+01
9.154767608642578125e+01
9.160486602783203125e+01
9.150513458251953125e+01
9.163942718505859375e+01
9.173976135253906250e+01
9.189699554443359375e+01
9.199887847900390625e+01
9.188206481933593750e+01
9.194769287109375000e+01
9.191487121582031250e+01
9.222373199462890625e+01
9.199200439453125000e+01
9.209291839599609375e+01
9.130633544921875000e+01
9.194880676269531250e+01
9.167213439941406250e+01
9.201911926269531250e+01
9.186650085449218750e+01
9.178026580810546875e+01
9.166549682617187500e+01
9.226169586181640625e+01
9.209963226318359375e+01
9.168720245361328125e+01
9.207186126708984375e+01
9.201453399658203125e+01
9.191076660156250000e+01
9.152368164062500000e+01
9.156075286865234375e+01
9.188114166259765625e+01
9.164517974853515625e+01
9.154315185546875000e+01
9.174703979492187500e+01
9.160707092285156250e+01
9.192181396484375000e+01
9.153835296630859375e+01
9.156237030029296875e+01
9.201466369628906250e+01
9.195555114746093750e+01
9.131497955322265625e+01
9.210794067382812500e+01
9.152326965332031250e+01
9.163763427734375000e+01
9.187583923339843750e+01
9.166941833496093750e+01
9.167311096191406250e+01
9.142461395263671875e+01
9.176229858398437500e+01
9.183738708496093750e+01
9.190314483642578125e+01
9.175802612304687500e+01
9.167782592773437500e+01
9.187567901611328125e+01
9.143855285644531250e+01
9.168740844726562500e+01
9.186811828613281250e+01
9.128241729736328125e+01
9.194705200195312500e+01
9.202545928955078125e+01
9.176588439941406250e+01
9.188016510009765625e+01
9.182129669189453125e+01
9.161641693115234375e+01
9.184318542480468750e+01
9.171473693847656250e+01
9.145845031738281250e+01
9.180806732177734375e+01
9.192399597167968750e+01
9.160646057128906250e+01
9.179336547851562500e+01
9.174723052978515625e+01
9.185413360595703125e+01
9.177230072021484375e+01
9.173734283447265625e+01
9.193525695800781250e+01
9.158160400390625000e+01
9.177638244628906250e+01
9.185971832275390625e+01
9.181761169433593750e+01
9.201685333251953125e+01
9.134367370605468750e+01
9.201651000976562500e+01
9.200875091552734375e+01
9.150356292724609375e+01
9.170680999755859375e+01
9.183467102050781250e+01
9.156502532958984375e+01
9.218714141845703125e+01
9.178849029541015625e+01
9.189050292968750000e+01
9.151354217529296875e+01
9.191867828369140625e+01
9.174355316162109375e+01
9.176702880859375000e+01
9.101048278808593750e+01
9.211470794677734375e+01
9.170717620849609375e+01
9.217595672607421875e+01
9.206235504150390625e+01
9.236121368408203125e+01
9.143264770507812500e+01
9.148085021972656250e+01
9.165701293945312500e+01
9.199681854248046875e+01
9.175835418701171875e+01
9.212873077392578125e+01
9.188227081298828125e+01
9.163334655761718750e+01
9.172693634033203125e+01
9.156624603271484375e+01
9.194210052490234375e+01
9.154712677001953125e+01
9.169166564941406250e+01
9.174882507324218750e+01
9.180579376220703125e+01
9.196927642822265625e+01
9.206906127929687500e+01
9.180363464355468750e+01
9.167760467529296875e+01
9.185095214843750000e+01
9.187106323242187500e+01
9.209703826904296875e+01
9.139606475830078125e+01
9.162396240234375000e+01
9.156082916259765625e+01
9.117230224609375000e+01
9.210108947753906250e+01
9.202350616455078125e+01
9.176560974121093750e+01
9.177764892578125000e+01
9.186988067626953125e+01
9.186590576171875000e+01
9.163632202148437500e+01
9.153395843505859375e+01
9.186647796630859375e+01
9.177453613281250000e+01
9.175383758544921875e+01
9.107778167724609375e+01
9.177340698242187500e+01
9.180369567871093750e+01
9.198313903808593750e+01
9.228302764892578125e+01
9.155808258056640625e+01
9.242154693603515625e+01
9.195696258544921875e+01
9.148152923583984375e+01
9.190010833740234375e+01
9.168108367919921875e+01
9.177960205078125000e+01
9.205782318115234375e+01
9.210798645019531250e+01
9.230221557617187500e+01
9.178535461425781250e+01
9.175688171386718750e+01
9.171091461181640625e+01
9.189157867431640625e+01
9.180731201171875000e+01
9.155666351318359375e+01
9.140844726562500000e+01
9.204392242431640625e+01
9.200232696533203125e+01
9.208666229248046875e+01
9.184856414794921875e+01
9.173190307617187500e+01
9.183560180664062500e+01
9.134176635742187500e+01
9.166220855712890625e+01
9.236052703857421875e+01
9.100763702392578125e+01
9.190964508056640625e+01
9.190450286865234375e+01
9.178388977050781250e+01
9.161275482177734375e+01
9.164909362792968750e+01
9.175156402587890625e+01
9.158186340332031250e+01
9.198899841308593750e+01
9.203884887695312500e+01
9.159915161132812500e+01
9.160597991943359375e+01
9.184808349609375000e+01
9.160664367675781250e+01
9.180229187011718750e+01
9.187792205810546875e+01
9.190752410888671875e+01
9.178808593750000000e+01
9.141137695312500000e+01
9.208462524414062500e+01
9.171111297607421875e+01
9.151261901855468750e+01
9.153038024902343750e+01
9.203691864013671875e+01
9.169967651367187500e+01
9.168473052978515625e+01
9.157660675048828125e+01
9.172940826416015625e+01
9.144954681396484375e+01
9.188896942138671875e+01
9.175952148437500000e+01
9.206759643554687500e+01
9.199822235107421875e+01
9.183116912841796875e+01
9.175393676757812500e+01
9.189572906494140625e+01
9.149575042724609375e+01
9.191667938232421875e+01
9.203266143798828125e+01
9.175505828857421875e+01
9.172332763671875000e+01
9.224982452392578125e+01
9.156451416015625000e+01
9.174257659912109375e+01
9.172649383544921875e+01
9.205812072753906250e+01
9.215856933593750000e+01
9.177053070068359375e+01
9.141479492187500000e+01
9.134580230712890625e+01
9.202086639404296875e+01
9.188594055175781250e+01
9.172550201416015625e+01
9.169596862792968750e+01
9.158133697509765625e+01
9.190274047851562500e+01
9.182946014404296875e+01
9.158284759521484375e+01
9.197158050537109375e+01
9.165769195556640625e+01
9.204391479492187500e+01
9.154758453369140625e+01
9.180667114257812500e+01
9.165303802490234375e+01
9.142762756347656250e+01
9.199176025390625000e+01
9.180876159667968750e+01
9.145094299316406250e+01
9.203308868408203125e+01
9.178775787353515625e+01
9.153699493408203125e+01
9.215412139892578125e+01
9.183507537841796875e+01
9.226026153564453125e+01
9.161749267578125000e+01
9.201043701171875000e+01
9.182591247558593750e+01
9.175688934326171875e+01
9.135732269287109375e+01
9.168103027343750000e+01
9.188532257080078125e+01
9.172735595703125000e+01
9.146170043945312500e+01
9.188281250000000000e+01
9.210758209228515625e+01
9.153479003906250000e+01
9.163736724853515625e+01
9.197743225097656250e+01
9.208824157714843750e+01
9.182987976074218750e+01
9.186950683593750000e+01
9.248477172851562500e+01
9.146617889404296875e+01
9.148271179199218750e+01
9.168363952636718750e+01
9.182726287841796875e+01
9.161209869384765625e+01
9.180578613281250000e+01
9.183835601806640625e+01
9.191170501708984375e+01
9.187221527099609375e+01
9.169168090820312500e+01
9.152416992187500000e+01
9.174238586425781250e+01
9.171434783935546875e+01
9.196509552001953125e+01
9.182984161376953125e+01
9.163311004638671875e+01
9.184314727783203125e+01
9.179061126708984375e+01
9.202435302734375000e+01
9.171058654785156250e+01
9.167671203613281250e+01
9.185205841064453125e+01
9.196344757080078125e+01
9.214110565185546875e+01
9.165308380126953125e+01
9.196234893798828125e+01
9.165847015380859375e+01
9.252268218994140625e+01
9.164988708496093750e+01
9.233805847167968750e+01
9.178017425537109375e+01
9.211866760253906250e+01
9.203311920166015625e+01
9.146797180175781250e+01
9.160659027099609375e+01
9.183564758300781250e+01
9.166413879394531250e+01
9.154882049560546875e+01
9.183679199218750000e+01
9.178646087646484375e+01
9.240785980224609375e+01
9.155084228515625000e+01
9.157685852050781250e+01
9.176077270507812500e+01
9.208123016357421875e+01
9.182293701171875000e+01
9.162837219238281250e+01
9.207033538818359375e+01
9.205464172363281250e+01
9.165567016601562500e+01
9.191380310058593750e+01
9.185755920410156250e+01
9.155751037597656250e+01
9.197108459472656250e+01
9.224179077148437500e+01
9.159420013427734375e+01
9.142637634277343750e+01
9.224864196777343750e+01
9.170079040527343750e+01
9.184736633300781250e+01
9.186719512939453125e+01
9.180328369140625000e+01
9.204840087890625000e+01
9.166141510009765625e+01
9.182929229736328125e+01
9.204113006591796875e+01
9.210353851318359375e+01
9.165150451660156250e+01
9.186327362060546875e+01
9.144229888916015625e+01
9.158054351806640625e+01
9.165673828125000000e+01
9.225640106201171875e+01
9.222212219238281250e+01
9.208885955810546875e+01
9.163537597656250000e+01
9.221228790283203125e+01
9.165391540527343750e+01
9.164440917968750000e+01
9.164830780029296875e+01
9.183034515380859375e+01
9.193372344970703125e+01
9.184146881103515625e+01
9.182397460937500000e+01
9.208351898193359375e+01
9.201342773437500000e+01
9.164279174804687500e+01
9.204882049560546875e+01
9.180347442626953125e+01
9.194017028808593750e+01
9.193775939941406250e+01
9.166524505615234375e+01
9.195942687988281250e+01
9.203034210205078125e+01
9.127167510986328125e+01
9.242314910888671875e+01
9.188645172119140625e+01
9.205013275146484375e+01
9.184567260742187500e+01
9.225537109375000000e+01
9.188417816162109375e+01
9.206282043457031250e+01
9.178762054443359375e+01
9.177648925781250000e+01
9.148640441894531250e+01
9.257308959960937500e+01
9.239127349853515625e+01
9.204078674316406250e+01
9.187639617919921875e+01
9.214696502685546875e+01
9.187007904052734375e+01
9.219420623779296875e+01
9.167844390869140625e+01
9.161933898925781250e+01
9.223503875732421875e+01
9.141873168945312500e+01
9.205661010742187500e+01
9.165210723876953125e+01
9.207959747314453125e+01
9.201465606689453125e+01
9.175605773925781250e+01
9.187290191650390625e+01
9.208709716796875000e+01
9.183551788330078125e+01
9.187461853027343750e+01
9.163636016845703125e+01
9.168816375732421875e+01
9.178713989257812500e+01
9.183310699462890625e+01
9.140019226074218750e+01
9.228871917724609375e+01
9.192163085937500000e+01
9.206882476806640625e+01
9.176967620849609375e+01
9.219441223144531250e+01
9.211651611328125000e+01
9.191735076904296875e+01
9.188662719726562500e+01
9.209902191162109375e+01
9.216909790039062500e+01
9.152819061279296875e+01
9.145876312255859375e+01
9.151576995849609375e+01
9.180176544189453125e+01
9.188615417480468750e+01
9.203666687011718750e+01
9.167069244384765625e+01
9.204649353027343750e+01
9.194196319580078125e+01
9.190307617187500000e+01
9.128490447998046875e+01
9.158713531494140625e+01
9.142226409912109375e+01
9.152265167236328125e+01
9.172503662109375000e+01
9.137545013427734375e+01
9.185037994384765625e+01
9.204644012451171875e+01
9.186935424804687500e+01
9.160529327392578125e+01
9.172877502441406250e+01
9.207520294189453125e+01
9.185320281982421875e+01
9.174771118164062500e+01
9.201590728759765625e+01
9.206981658935546875e+01
9.191361999511718750e+01
9.206456756591796875e+01
9.202317810058593750e+01
9.195516967773437500e+01
9.182564544677734375e+01
9.176174163818359375e+01
9.211804199218750000e+01
9.166989135742187500e+01
9.220094299316406250e+01
9.169502258300781250e+01
9.175394439697265625e+01
9.213460540771484375e+01
9.166584777832031250e+01
9.197914123535156250e+01
9.160028839111328125e+01
9.139831542968750000e+01
9.182552337646484375e+01
9.178330993652343750e+01
9.167612457275390625e+01
9.182377624511718750e+01
9.207287597656250000e+01
9.156600952148437500e+01
9.180043792724609375e+01
9.163415527343750000e+01
9.206244659423828125e+01
9.214832305908203125e+01
9.220883941650390625e+01
9.172074127197265625e+01
9.143532562255859375e+01
9.203871154785156250e+01
9.209442138671875000e+01
9.187913513183593750e+01
9.181690979003906250e+01
9.227103424072265625e+01
9.200650787353515625e+01
9.166305541992187500e+01
9.215583038330078125e+01
9.184230804443359375e+01
9.196173095703125000e+01
9.182311248779296875e+01
9.157102203369140625e+01
9.184266662597656250e+01
9.198433685302734375e+01
9.183832550048828125e+01
9.194210815429687500e+01
9.221463775634765625e+01
9.197987365722656250e+01
9.182514953613281250e+01
9.202786254882812500e+01
9.174018859863281250e+01
9.219215393066406250e+01
9.180527496337890625e+01
9.164503479003906250e+01
9.184745025634765625e+01
9.203679656982421875e+01
9.181413269042968750e+01
9.184653472900390625e+01
9.173483276367187500e+01
9.229180908203125000e+01
9.245328521728515625e+01
9.177066040039062500e+01
9.197106933593750000e+01
9.233744812011718750e+01
