6.124036407470703125e+01
6.269673919677734375e+01
6.338102722167968750e+01
6.248284530639648438e+01
6.246778488159179688e+01
6.092653274536132812e+01
6.241662597656250000e+01
5.952367782592773438e+01
6.076710128784179688e+01
6.177313232421875000e+01
6.092992019653320312e+01
6.085664367675781250e+01
6.174143981933593750e+01
6.100074005126953125e+01
6.118479537963867188e+01
6.356620025634765625e+01
6.266528701782226562e+01
6.341389465332031250e+01
6.210980606079101562e+01
6.288708114624023438e+01
6.375883865356445312e+01
6.145811843872070312e+01
5.862176513671875000e+01
5.869544982910156250e+01
6.126612091064453125e+01
6.317082977294921875e+01
6.052472305297851562e+01
6.148670959472656250e+01
5.963224411010742188e+01
6.279135894775390625e+01
6.312318038940429688e+01
6.025034332275390625e+01
6.254717254638671875e+01
6.304982376098632812e+01
6.187567520141601562e+01
6.220097732543945312e+01
6.209681701660156250e+01
6.173420715332031250e+01
6.317805480957031250e+01
6.165527725219726562e+01
6.109221267700195312e+01
5.959268951416015625e+01
6.426194000244140625e+01
6.441352081298828125e+01
6.232061386108398438e+01
6.118706893920898438e+01
6.207519149780273438e+01
6.570776367187500000e+01
6.221153640747070312e+01
6.153953933715820312e+01
6.242672729492187500e+01
6.335555648803710938e+01
6.021847915649414062e+01
6.422276306152343750e+01
6.314358520507812500e+01
5.901039123535156250e+01
6.061497116088867188e+01
6.092033767700195312e+01
6.367953491210937500e+01
6.161890792846679688e+01
6.323630905151367188e+01
6.004441070556640625e+01
6.087222290039062500e+01
6.331036376953125000e+01
6.294023513793945312e+01
6.120001983642578125e+01
6.415941619873046875e+01
6.535430908203125000e+01
6.431757354736328125e+01
6.104130554199218750e+01
6.109933471679687500e+01
6.331452941894531250e+01
6.250241851806640625e+01
6.252842330932617188e+01
6.103742599487304688e+01
6.289279937744140625e+01
6.252973556518554688e+01
6.088289260864257812e+01
6.168789291381835938e+01
6.199435806274414062e+01
6.353816986083984375e+01
5.945887374877929688e+01
5.974349594116210938e+01
6.241066360473632812e+01
6.251205062866210938e+01
6.250086212158203125e+01
6.195013046264648438e+01
6.039187622070312500e+01
6.065784454345703125e+01
6.323850250244140625e+01
6.441339111328125000e+01
6.197765731811523438e+01
6.118716430664062500e+01
6.299408340454101562e+01
6.235239410400390625e+01
6.192378616333007812e+01
5.927213668823242188e+01
6.250751495361328125e+01
6.318884658813476562e+01
6.055302810668945312e+01
6.347063446044921875e+01
6.144351577758789062e+01
6.549154663085937500e+01
6.084126281738281250e+01
6.144490051269531250e+01
6.146517944335937500e+01
6.150696182250976562e+01
6.193512344360351562e+01
6.120204162597656250e+01
6.074673461914062500e+01
6.141904067993164062e+01
6.007548904418945312e+01
6.079470825195312500e+01
6.187239456176757812e+01
6.064029312133789062e+01
6.394425201416015625e+01
6.112996673583984375e+01
6.276312637329101562e+01
6.143667984008789062e+01
6.291426086425781250e+01
6.139704895019531250e+01
5.985385513305664062e+01
6.133660125732421875e+01
5.995568847656250000e+01
6.457805633544921875e+01
6.201900482177734375e+01
6.307246017456054688e+01
6.176663208007812500e+01
6.427926635742187500e+01
6.127163314819335938e+01
6.167906951904296875e+01
6.307159805297851562e+01
6.207444000244140625e+01
6.060575103759765625e+01
5.997787857055664062e+01
6.089884948730468750e+01
6.201261901855468750e+01
6.139233779907226562e+01
6.120703506469726562e+01
5.866707229614257812e+01
6.411726379394531250e+01
6.200544738769531250e+01
5.924759674072265625e+01
6.175122070312500000e+01
6.250987243652343750e+01
6.197536849975585938e+01
6.202479171752929688e+01
5.930576705932617188e+01
6.447155761718750000e+01
6.145224380493164062e+01
6.246003723144531250e+01
6.148616790771484375e+01
6.004330062866210938e+01
6.203494644165039062e+01
6.272191619873046875e+01
6.422484588623046875e+01
6.231192016601562500e+01
6.260364913940429688e+01
6.159791946411132812e+01
6.274245834350585938e+01
6.372101974487304688e+01
6.152270507812500000e+01
6.154661560058593750e+01
6.401664733886718750e+01
6.612598419189453125e+01
6.383177185058593750e+01
6.086831665039062500e+01
6.057784271240234375e+01
6.181420898437500000e+01
6.343955612182617188e+01
5.960966491699218750e+01
6.026617431640625000e+01
6.073238372802734375e+01
6.134369277954101562e+01
6.191184616088867188e+01
6.260733032226562500e+01
6.227248764038085938e+01
6.090871810913085938e+01
6.340827941894531250e+01
5.760077667236328125e+01
5.939372634887695312e+01
6.076230621337890625e+01
6.035166931152343750e+01
6.095151519775390625e+01
6.211591339111328125e+01
6.318642807006835938e+01
6.201420593261718750e+01
6.219036102294921875e+01
6.051891326904296875e+01
6.215305709838867188e+01
6.048647689819335938e+01
6.063740921020507812e+01
6.398321914672851562e+01
5.869189071655273438e+01
6.336907577514648438e+01
6.188572311401367188e+01
5.864884185791015625e+01
6.192552947998046875e+01
6.277458953857421875e+01
6.169066619873046875e+01
6.241583251953125000e+01
6.083662033081054688e+01
6.120685577392578125e+01
6.023645782470703125e+01
6.273623657226562500e+01
6.421237945556640625e+01
6.076994323730468750e+01
6.301887130737304688e+01
6.140095520019531250e+01
6.499066925048828125e+01
6.529437255859375000e+01
6.332072448730468750e+01
6.211727905273437500e+01
6.259287261962890625e+01
5.939728546142578125e+01
6.470545959472656250e+01
6.173522567749023438e+01
6.391220474243164062e+01
6.186276626586914062e+01
6.012521362304687500e+01
6.444165039062500000e+01
6.111512756347656250e+01
5.917565155029296875e+01
5.952547454833984375e+01
6.266888427734375000e+01
5.995730590820312500e+01
6.328787612915039062e+01
6.487854003906250000e+01
6.323834609985351562e+01
6.182941436767578125e+01
5.913756179809570312e+01
6.190929794311523438e+01
5.951277160644531250e+01
6.086372756958007812e+01
6.186833190917968750e+01
6.018778991699218750e+01
6.046647644042968750e+01
6.216870880126953125e+01
6.235764694213867188e+01
5.967228317260742188e+01
5.988378524780273438e+01
6.137310791015625000e+01
6.266548919677734375e+01
6.010508346557617188e+01
6.331988525390625000e+01
5.900512313842773438e+01
5.987327575683593750e+01
6.261144256591796875e+01
6.074113082885742188e+01
6.062337493896484375e+01
6.388154983520507812e+01
6.046400451660156250e+01
6.106620025634765625e+01
6.416723632812500000e+01
6.350798797607421875e+01
6.156871795654296875e+01
6.048926925659179688e+01
6.193893051147460938e+01
6.181639480590820312e+01
6.240946960449218750e+01
6.136186599731445312e+01
5.960396194458007812e+01
6.286203002929687500e+01
6.074071502685546875e+01
6.228231811523437500e+01
5.978909301757812500e+01
6.306522750854492188e+01
6.225368499755859375e+01
6.268677902221679688e+01
6.132820129394531250e+01
6.057550048828125000e+01
6.235091400146484375e+01
6.046820449829101562e+01
6.145161056518554688e+01
6.039986801147460938e+01
6.111555480957031250e+01
6.221138000488281250e+01
6.213087844848632812e+01
6.162093734741210938e+01
6.097071456909179688e+01
6.291835784912109375e+01
6.217210006713867188e+01
6.163546371459960938e+01
6.326388931274414062e+01
5.893397903442382812e+01
6.195190811157226562e+01
6.569121551513671875e+01
6.104008865356445312e+01
6.341493225097656250e+01
6.348218917846679688e+01
5.762297439575195312e+01
6.003482437133789062e+01
6.155514144897460938e+01
6.128202056884765625e+01
6.250521469116210938e+01
6.217027282714843750e+01
6.243249893188476562e+01
5.995196533203125000e+01
6.296138000488281250e+01
6.173252105712890625e+01
6.347484207153320312e+01
5.846364593505859375e+01
6.104837417602539062e+01
6.231199264526367188e+01
6.222988128662109375e+01
5.867770385742187500e+01
6.200848770141601562e+01
5.915031814575195312e+01
6.356131744384765625e+01
6.473108673095703125e+01
6.244475173950195312e+01
5.795537185668945312e+01
6.383839797973632812e+01
6.270234680175781250e+01
6.493197631835937500e+01
6.049527359008789062e+01
6.384754180908203125e+01
5.854610824584960938e+01
5.995921325683593750e+01
6.200967788696289062e+01
6.252852630615234375e+01
6.289183044433593750e+01
6.082421493530273438e+01
6.230251312255859375e+01
6.295741271972656250e+01
6.028411865234375000e+01
6.483081054687500000e+01
6.017377471923828125e+01
6.037398147583007812e+01
5.920376586914062500e+01
6.304257965087890625e+01
6.073129653930664062e+01
6.406680297851562500e+01
5.853420257568359375e+01
6.085177993774414062e+01
6.033658218383789062e+01
5.911347961425781250e+01
6.070927047729492188e+01
5.745933532714843750e+01
6.029979324340820312e+01
5.943722915649414062e+01
6.043865203857421875e+01
6.030214309692382812e+01
6.232521820068359375e+01
6.358940505981445312e+01
6.479933166503906250e+01
6.396646499633789062e+01
5.848440551757812500e+01
6.222586441040039062e+01
6.285420989990234375e+01
6.259858703613281250e+01
6.257862472534179688e+01
6.133979034423828125e+01
5.996164321899414062e+01
6.121947860717773438e+01
5.906435012817382812e+01
6.509925079345703125e+01
6.108912277221679688e+01
5.751383209228515625e+01
6.012746810913085938e+01
6.211017608642578125e+01
6.338249588012695312e+01
6.093123626708984375e+01
6.233172607421875000e+01
5.894347381591796875e+01
6.193589019775390625e+01
6.156158065795898438e+01
6.123037338256835938e+01
6.243632507324218750e+01
6.413207244873046875e+01
5.897364425659179688e+01
6.148708343505859375e+01
6.230870819091796875e+01
6.216996002197265625e+01
6.166852951049804688e+01
6.248403930664062500e+01
6.198965835571289062e+01
5.850084304809570312e+01
6.121577453613281250e+01
5.913573074340820312e+01
6.204690933227539062e+01
6.050422668457031250e+01
6.261996078491210938e+01
6.123924636840820312e+01
6.249621200561523438e+01
5.899502944946289062e+01
6.315105438232421875e+01
6.106347656250000000e+01
5.868449401855468750e+01
6.456955718994140625e+01
6.120796966552734375e+01
6.284693527221679688e+01
6.008884811401367188e+01
6.273497390747070312e+01
6.084913253784179688e+01
6.432379150390625000e+01
6.285581207275390625e+01
6.157947540283203125e+01
6.113058853149414062e+01
6.385325241088867188e+01
6.055054473876953125e+01
6.353766632080078125e+01
5.955952453613281250e+01
5.951099395751953125e+01
6.048941421508789062e+01
6.246798706054687500e+01
6.034768676757812500e+01
6.424768829345703125e+01
6.087173080444335938e+01
6.211912155151367188e+01
5.953894424438476562e+01
6.361373138427734375e+01
6.116387176513671875e+01
5.850869750976562500e+01
6.015210342407226562e+01
6.183692550659179688e+01
6.113528823852539062e+01
6.229433822631835938e+01
6.285942840576171875e+01
6.302253723144531250e+01
6.038362121582031250e+01
6.245165634155273438e+01
6.123226547241210938e+01
6.262299346923828125e+01
6.162873077392578125e+01
6.311256790161132812e+01
6.288173294067382812e+01
6.240175628662109375e+01
6.049832534790039062e+01
6.151387405395507812e+01
6.205478286743164062e+01
5.985417175292968750e+01
5.898172378540039062e+01
6.357575607299804688e+01
6.046851730346679688e+01
6.087470245361328125e+01
6.481515502929687500e+01
6.159796524047851562e+01
6.261192703247070312e+01
6.346729278564453125e+01
6.188228607177734375e+01
6.378356552124023438e+01
6.027320861816406250e+01
6.036400222778320312e+01
5.925218582153320312e+01
6.226266479492187500e+01
6.005570220947265625e+01
6.007411575317382812e+01
6.177514266967773438e+01
6.293334960937500000e+01
6.608358001708984375e+01
6.308581542968750000e+01
6.096648025512695312e+01
6.379225921630859375e+01
6.229944610595703125e+01
6.324517440795898438e+01
6.118355178833007812e+01
5.960138702392578125e+01
6.064319992065429688e+01
6.025211715698242188e+01
6.212997055053710938e+01
6.132805252075195312e+01
6.007399368286132812e+01
6.138062286376953125e+01
6.304331588745117188e+01
6.222300338745117188e+01
6.182081985473632812e+01
6.230294418334960938e+01
6.381563186645507812e+01
6.394564056396484375e+01
6.374921035766601562e+01
6.003512954711914062e+01
6.226161575317382812e+01
6.283679962158203125e+01
6.348880004882812500e+01
5.870878219604492188e+01
6.110867309570312500e+01
6.407586669921875000e+01
5.882166671752929688e+01
6.198434829711914062e+01
6.058039093017578125e+01
5.859011459350585938e+01
6.082429122924804688e+01
6.453514862060546875e+01
6.218882369995117188e+01
6.501550292968750000e+01
6.360451126098632812e+01
5.961148071289062500e+01
6.510424041748046875e+01
6.199143218994140625e+01
6.153255462646484375e+01
6.401723480224609375e+01
6.172790527343750000e+01
6.123193740844726562e+01
6.027265548706054688e+01
6.009318542480468750e+01
6.140552520751953125e+01
5.771030426025390625e+01
5.981849670410156250e+01
6.178839111328125000e+01
6.344278717041015625e+01
6.120822143554687500e+01
6.066857528686523438e+01
6.314370727539062500e+01
6.273638916015625000e+01
6.140573883056640625e+01
6.170858764648437500e+01
6.190625381469726562e+01
5.908563995361328125e+01
6.224525451660156250e+01
5.631188583374023438e+01
6.014747238159179688e+01
6.161245346069335938e+01
5.723675537109375000e+01
6.081358718872070312e+01
6.462326812744140625e+01
6.038890838623046875e+01
6.107904815673828125e+01
6.198679351806640625e+01
6.121857070922851562e+01
6.139512252807617188e+01
6.195405197143554688e+01
6.015665435791015625e+01
6.107581710815429688e+01
6.262979507446289062e+01
5.964064407348632812e+01
5.792876815795898438e+01
6.105697250366210938e+01
5.933620452880859375e+01
5.943422317504882812e+01
6.123040008544921875e+01
6.130925369262695312e+01
6.418056488037109375e+01
6.289536666870117188e+01
5.969162750244140625e+01
5.989805603027343750e+01
6.075003051757812500e+01
6.027803802490234375e+01
6.076813125610351562e+01
6.135149002075195312e+01
6.161265945434570312e+01
6.034479904174804688e+01
6.276411056518554688e+01
6.202759170532226562e+01
6.258317947387695312e+01
6.311985397338867188e+01
6.157709121704101562e+01
6.119482040405273438e+01
6.225757217407226562e+01
6.170100784301757812e+01
6.161021423339843750e+01
6.115247344970703125e+01
6.511100006103515625e+01
6.036068344116210938e+01
6.146591186523437500e+01
6.439539337158203125e+01
6.377120208740234375e+01
6.060715866088867188e+01
6.033246231079101562e+01
6.123361587524414062e+01
5.912441253662109375e+01
6.225117874145507812e+01
5.966085052490234375e+01
6.287136459350585938e+01
6.146865081787109375e+01
6.068337631225585938e+01
6.350770568847656250e+01
5.983256149291992188e+01
6.412689971923828125e+01
6.167940902709960938e+01
6.027367401123046875e+01
6.327666854858398438e+01
5.978165435791015625e+01
6.625803375244140625e+01
5.966637420654296875e+01
6.144766616821289062e+01
6.297006988525390625e+01
6.179254531860351562e+01
6.029904174804687500e+01
6.026565551757812500e+01
5.996731185913085938e+01
6.035195541381835938e+01
6.356761550903320312e+01
5.962807083129882812e+01
6.300652694702148438e+01
6.554736328125000000e+01
6.266887283325195312e+01
6.076633453369140625e+01
6.429938507080078125e+01
6.014030075073242188e+01
6.626824188232421875e+01
6.198747253417968750e+01
5.982497787475585938e+01
6.165489578247070312e+01
6.101113128662109375e+01
6.290086746215820312e+01
6.268458175659179688e+01
6.094767761230468750e+01
6.016216659545898438e+01
6.238160705566406250e+01
6.029921340942382812e+01
6.340512466430664062e+01
5.858651351928710938e+01
6.441785430908203125e+01
6.128674697875976562e+01
6.108929443359375000e+01
6.089127349853515625e+01
5.920734405517578125e+01
6.307222747802734375e+01
6.286944580078125000e+01
6.300818252563476562e+01
6.175000762939453125e+01
6.075591278076171875e+01
6.033219528198242188e+01
5.958117675781250000e+01
6.054920959472656250e+01
6.088174438476562500e+01
6.023673629760742188e+01
6.229751586914062500e+01
6.125602722167968750e+01
6.373127365112304688e+01
6.194929122924804688e+01
6.343799972534179688e+01
6.121639633178710938e+01
6.284101104736328125e+01
6.050736236572265625e+01
6.174066925048828125e+01
6.221928787231445312e+01
6.076348114013671875e+01
6.407103729248046875e+01
5.972384262084960938e+01
6.155675125122070312e+01
6.179664230346679688e+01
6.076026916503906250e+01
6.136914825439453125e+01
6.322080612182617188e+01
6.118544387817382812e+01
6.107911682128906250e+01
6.021212768554687500e+01
6.231321716308593750e+01
6.076949310302734375e+01
6.413882446289062500e+01
6.314222335815429688e+01
6.154604339599609375e+01
6.046219635009765625e+01
5.977547454833984375e+01
6.030288696289062500e+01
6.300736236572265625e+01
6.086400604248046875e+01
6.162260437011718750e+01
5.996218490600585938e+01
5.833689880371093750e+01
5.940419769287109375e+01
6.202992248535156250e+01
6.002825164794921875e+01
6.167849349975585938e+01
6.094967269897460938e+01
6.125163269042968750e+01
6.152553176879882812e+01
6.120783233642578125e+01
6.290643310546875000e+01
6.073149490356445312e+01
6.077666473388671875e+01
6.379640579223632812e+01
6.419890594482421875e+01
6.029871368408203125e+01
6.263304138183593750e+01
6.230234909057617188e+01
6.363801574707031250e+01
6.184164810180664062e+01
6.214109039306640625e+01
6.419133758544921875e+01
6.213205337524414062e+01
6.160579299926757812e+01
5.969631958007812500e+01
6.101596069335937500e+01
6.267367935180664062e+01
6.065501785278320312e+01
6.030718994140625000e+01
6.210853576660156250e+01
6.260020828247070312e+01
5.880761337280273438e+01
5.888441467285156250e+01
5.956604003906250000e+01
6.341851043701171875e+01
6.267323684692382812e+01
6.048916625976562500e+01
6.104792404174804688e+01
6.038176727294921875e+01
6.226065826416015625e+01
6.108945846557617188e+01
6.202569961547851562e+01
6.149914550781250000e+01
6.419814300537109375e+01
6.035173034667968750e+01
6.305272293090820312e+01
6.400832366943359375e+01
6.125573348999023438e+01
6.235257720947265625e+01
5.939360427856445312e+01
6.372640228271484375e+01
6.140507507324218750e+01
5.785242080688476562e+01
6.054503250122070312e+01
6.248549270629882812e+01
5.969846343994140625e+01
6.129609298706054688e+01
6.287564849853515625e+01
6.220163345336914062e+01
6.385211944580078125e+01
5.989822387695312500e+01
6.095362091064453125e+01
6.535237884521484375e+01
6.199059295654296875e+01
6.286114120483398438e+01
6.150394058227539062e+01
6.036782836914062500e+01
6.249115753173828125e+01
5.776232910156250000e+01
6.181586837768554688e+01
6.518151855468750000e+01
6.236503219604492188e+01
6.062088012695312500e+01
6.207863998413085938e+01
6.214647293090820312e+01
6.254003524780273438e+01
6.138271331787109375e+01
6.433412933349609375e+01
6.265992355346679688e+01
6.017165374755859375e+01
6.073719787597656250e+01
6.133169937133789062e+01
6.268048095703125000e+01
6.141687011718750000e+01
5.969475555419921875e+01
6.081616973876953125e+01
6.058379745483398438e+01
6.188745498657226562e+01
6.191448211669921875e+01
5.790811920166015625e+01
6.041867065429687500e+01
6.009220123291015625e+01
6.080004119873046875e+01
6.223029327392578125e+01
6.300547790527343750e+01
6.266579818725585938e+01
5.924193954467773438e+01
6.165602874755859375e+01
6.046812820434570312e+01
6.188645172119140625e+01
6.347958755493164062e+01
6.247945785522460938e+01
6.144525527954101562e+01
6.176237487792968750e+01
6.148486328125000000e+01
6.078690719604492188e+01
6.450085449218750000e+01
6.170966720581054688e+01
6.220650863647460938e+01
5.933298110961914062e+01
5.874147796630859375e+01
6.299751281738281250e+01
6.200800323486328125e+01
6.146491241455078125e+01
5.969135284423828125e+01
6.166706085205078125e+01
6.038665390014648438e+01
6.114058303833007812e+01
6.125509643554687500e+01
6.252598571777343750e+01
6.185836029052734375e+01
6.280878829956054688e+01
6.226562500000000000e+01
6.245168685913085938e+01
5.883691024780273438e+01
6.200782394409179688e+01
6.334565353393554688e+01
6.092859268188476562e+01
6.114414215087890625e+01
6.045351409912109375e+01
6.140975952148437500e+01
6.174431610107421875e+01
5.943938064575195312e+01
6.385971450805664062e+01
5.913525390625000000e+01
6.076903915405273438e+01
6.255478668212890625e+01
6.280440902709960938e+01
6.088789367675781250e+01
6.096851730346679688e+01
6.416837310791015625e+01
6.298284149169921875e+01
6.322206115722656250e+01
5.970217895507812500e+01
6.274454879760742188e+01
6.080724334716796875e+01
6.520702362060546875e+01
5.963759231567382812e+01
6.118085861206054688e+01
6.331237792968750000e+01
6.346085739135742188e+01
6.117482376098632812e+01
6.148405075073242188e+01
6.226152420043945312e+01
6.105534744262695312e+01
6.290985488891601562e+01
6.139144134521484375e+01
6.575920867919921875e+01
6.121611022949218750e+01
5.974986648559570312e+01
6.156162261962890625e+01
5.847747802734375000e+01
6.203494262695312500e+01
6.296687316894531250e+01
6.110363769531250000e+01
6.157221603393554688e+01
5.932920455932617188e+01
6.138719940185546875e+01
6.494608306884765625e+01
6.337645339965820312e+01
5.943838882446289062e+01
6.169393539428710938e+01
6.238097763061523438e+01
6.437038421630859375e+01
6.311899566650390625e+01
6.174519729614257812e+01
6.123594665527343750e+01
6.114801406860351562e+01
6.057894897460937500e+01
6.248411560058593750e+01
6.435833740234375000e+01
6.008376693725585938e+01
6.336225128173828125e+01
6.135754394531250000e+01
6.314030456542968750e+01
6.315774154663085938e+01
6.088789367675781250e+01
6.096998596191406250e+01
6.198862457275390625e+01
6.096055984497070312e+01
6.095792770385742188e+01
5.929400634765625000e+01
6.280209350585937500e+01
6.189396667480468750e+01
6.021041488647460938e+01
6.287659835815429688e+01
6.055801010131835938e+01
6.335726547241210938e+01
6.318837738037109375e+01
6.264007568359375000e+01
6.154100418090820312e+01
6.277561187744140625e+01
6.424237823486328125e+01
6.140242385864257812e+01
6.152496337890625000e+01
5.959096145629882812e+01
6.137791061401367188e+01
5.958338928222656250e+01
6.045869064331054688e+01
6.252991867065429688e+01
6.084199905395507812e+01
6.230023956298828125e+01
6.285483169555664062e+01
6.295258331298828125e+01
6.270116424560546875e+01
6.112331390380859375e+01
6.396565246582031250e+01
6.220148086547851562e+01
6.503027343750000000e+01
6.121697235107421875e+01
5.958857727050781250e+01
6.282200622558593750e+01
6.082888031005859375e+01
6.116096878051757812e+01
5.979726791381835938e+01
6.400559234619140625e+01
6.416805267333984375e+01
5.778606414794921875e+01
6.046122360229492188e+01
6.339003753662109375e+01
6.364534378051757812e+01
6.171512603759765625e+01
6.009192276000976562e+01
6.292172622680664062e+01
6.249331665039062500e+01
6.037659072875976562e+01
6.253217315673828125e+01
6.185226058959960938e+01
6.042871856689453125e+01
6.031706619262695312e+01
6.298063659667968750e+01
6.577285003662109375e+01
6.129091644287109375e+01
6.197140121459960938e+01
6.190646362304687500e+01
5.667163467407226562e+01
6.280864334106445312e+01
6.125848007202148438e+01
6.318825149536132812e+01
6.232633590698242188e+01
6.134849166870117188e+01
6.250171661376953125e+01
6.265785980224609375e+01
6.223604202270507812e+01
6.149454498291015625e+01
6.213272094726562500e+01
5.996093368530273438e+01
5.922862243652343750e+01
6.186135864257812500e+01
6.492873382568359375e+01
6.008950424194335938e+01
5.900127792358398438e+01
5.883546066284179688e+01
6.372387695312500000e+01
6.136014556884765625e+01
6.276375579833984375e+01
5.941732406616210938e+01
6.176976013183593750e+01
6.391255187988281250e+01
6.433174133300781250e+01
6.258766174316406250e+01
6.012980270385742188e+01
6.110773086547851562e+01
5.934883117675781250e+01
6.013341522216796875e+01
6.100529098510742188e+01
6.326397323608398438e+01
6.527657318115234375e+01
6.257262039184570312e+01
5.911789703369140625e+01
6.305342483520507812e+01
5.989833450317382812e+01
6.326774215698242188e+01
6.053580856323242188e+01
6.063703536987304688e+01
6.026623535156250000e+01
5.874300765991210938e+01
6.215707015991210938e+01
6.184089660644531250e+01
5.889414596557617188e+01
5.941061782836914062e+01
6.022012710571289062e+01
6.155902099609375000e+01
5.886315917968750000e+01
6.180867767333984375e+01
6.361649322509765625e+01
6.031167602539062500e+01
6.263637161254882812e+01
6.038303756713867188e+01
6.163505554199218750e+01
6.091970062255859375e+01
5.922863388061523438e+01
6.108920669555664062e+01
6.402394104003906250e+01
6.160287857055664062e+01
6.122609710693359375e+01
6.254866790771484375e+01
6.226949691772460938e+01
6.003124237060546875e+01
6.007054519653320312e+01
6.268291473388671875e+01
6.117245101928710938e+01
6.226851272583007812e+01
6.351174545288085938e+01
6.219202041625976562e+01
6.047056198120117188e+01
6.074469757080078125e+01
6.163532638549804688e+01
5.871478652954101562e+01
6.093455505371093750e+01
6.284972000122070312e+01
6.307997512817382812e+01
6.314459991455078125e+01
6.158171081542968750e+01
6.304127883911132812e+01
6.224210739135742188e+01
5.959292221069335938e+01
6.261929702758789062e+01
6.238371276855468750e+01
6.162179565429687500e+01
6.294210815429687500e+01
6.112034988403320312e+01
6.144599533081054688e+01
6.089672470092773438e+01
6.048146820068359375e+01
6.264561462402343750e+01
6.180836868286132812e+01
6.400427246093750000e+01
6.175385665893554688e+01
6.030345535278320312e+01
6.065180587768554688e+01
6.262976074218750000e+01
6.092639541625976562e+01
6.157649993896484375e+01
6.096299743652343750e+01
6.259785842895507812e+01
5.947349548339843750e+01
6.063079071044921875e+01
6.590775299072265625e+01
6.317465972900390625e+01
