9.397128295898437500e+01
9.488911437988281250e+01
9.160579681396484375e+01
9.069942474365234375e+01
9.248517608642578125e+01
9.190492248535156250e+01
9.225681304931640625e+01
9.308328247070312500e+01
9.302767944335937500e+01
9.620454406738281250e+01
9.455018615722656250e+01
9.412300872802734375e+01
9.439285278320312500e+01
9.458536529541015625e+01
9.576514434814453125e+01
9.510587310791015625e+01
9.797424316406250000e+01
9.890568542480468750e+01
9.430986022949218750e+01
9.573026275634765625e+01
9.700138092041015625e+01
9.735582733154296875e+01
9.767289733886718750e+01
9.868406677246093750e+01
9.758045959472656250e+01
9.644405364990234375e+01
9.758610534667968750e+01
9.779557037353515625e+01
9.675481414794921875e+01
9.522182464599609375e+01
9.234246826171875000e+01
9.457708740234375000e+01
9.166786956787109375e+01
9.116635894775390625e+01
8.986403656005859375e+01
9.016185760498046875e+01
9.126734161376953125e+01
9.019058227539062500e+01
9.101016998291015625e+01
9.093587493896484375e+01
9.329325866699218750e+01
9.150016784667968750e+01
9.195774078369140625e+01
9.547700500488281250e+01
9.417750549316406250e+01
9.480072784423828125e+01
9.964642333984375000e+01
9.617345428466796875e+01
9.713419342041015625e+01
9.970536804199218750e+01
1.000101776123046875e+02
9.970245361328125000e+01
1.016911849975585938e+02
9.844859313964843750e+01
9.858754730224609375e+01
9.834902191162109375e+01
9.850377655029296875e+01
9.721223449707031250e+01
9.800936889648437500e+01
9.701451110839843750e+01
9.526915740966796875e+01
9.225528717041015625e+01
9.542093658447265625e+01
9.258187866210937500e+01
9.136962127685546875e+01
9.151537322998046875e+01
8.854560089111328125e+01
8.872923278808593750e+01
8.860621643066406250e+01
8.762458038330078125e+01
8.962316894531250000e+01
8.993380737304687500e+01
9.181074523925781250e+01
9.112055206298828125e+01
9.692702484130859375e+01
9.410629272460937500e+01
9.400230407714843750e+01
9.668463897705078125e+01
9.361262512207031250e+01
9.737779998779296875e+01
9.861581420898437500e+01
9.916673278808593750e+01
1.006409683227539062e+02
1.023691177368164062e+02
1.002315292358398438e+02
1.021342163085937500e+02
9.926425170898437500e+01
9.968437957763671875e+01
9.914237213134765625e+01
9.975592803955078125e+01
9.786038208007812500e+01
9.744000244140625000e+01
9.442858886718750000e+01
9.249906921386718750e+01
9.122931671142578125e+01
9.108507537841796875e+01
8.995063018798828125e+01
8.839443206787109375e+01
8.829668426513671875e+01
8.663591003417968750e+01
8.534584808349609375e+01
8.872338867187500000e+01
8.832772827148437500e+01
8.986533355712890625e+01
9.170963287353515625e+01
9.250170898437500000e+01
9.205006408691406250e+01
9.624839782714843750e+01
9.502571105957031250e+01
9.036415100097656250e+01
9.574841308593750000e+01
9.732889556884765625e+01
9.899893188476562500e+01
1.004907913208007812e+02
1.023234405517578125e+02
1.022843856811523438e+02
1.019089736938476562e+02
1.042191390991210938e+02
1.014243240356445312e+02
1.025487518310546875e+02
1.001288146972656250e+02
1.002656402587890625e+02
9.949044799804687500e+01
9.695850372314453125e+01
9.507125091552734375e+01
8.942154693603515625e+01
9.018021392822265625e+01
9.011919403076171875e+01
9.049390411376953125e+01
8.786255645751953125e+01
8.686100006103515625e+01
8.823805236816406250e+01
8.535208129882812500e+01
8.517198944091796875e+01
8.637406921386718750e+01
8.708837890625000000e+01
8.888072967529296875e+01
9.160355377197265625e+01
9.264753723144531250e+01
9.350291442871093750e+01
9.478350830078125000e+01
9.550589752197265625e+01
9.664466094970703125e+01
9.785289764404296875e+01
9.952519989013671875e+01
9.926818847656250000e+01
1.015791854858398438e+02
1.023938522338867188e+02
1.019392471313476562e+02
1.022357864379882812e+02
1.058185958862304688e+02
1.022772064208984375e+02
1.025414047241210938e+02
9.985921478271484375e+01
9.892241668701171875e+01
9.753453826904296875e+01
9.473903656005859375e+01
9.425622558593750000e+01
9.085858917236328125e+01
8.881467437744140625e+01
8.846626281738281250e+01
8.631101226806640625e+01
8.691050720214843750e+01
8.578079223632812500e+01
8.505515289306640625e+01
8.398643493652343750e+01
8.376558685302734375e+01
8.595829010009765625e+01
8.760537719726562500e+01
9.034584808349609375e+01
9.084394836425781250e+01
9.167244720458984375e+01
9.504965209960937500e+01
9.587168121337890625e+01
9.715369415283203125e+01
9.802197265625000000e+01
1.002426071166992188e+02
9.815180206298828125e+01
1.014026565551757812e+02
1.027755889892578125e+02
1.036800460815429688e+02
1.027119827270507812e+02
1.037452087402343750e+02
1.060004348754882812e+02
1.010825119018554688e+02
1.003428344726562500e+02
9.938188171386718750e+01
9.832246398925781250e+01
9.846633911132812500e+01
9.529129791259765625e+01
9.242534637451171875e+01
8.935393524169921875e+01
8.823689270019531250e+01
8.697891998291015625e+01
8.610089874267578125e+01
8.479498291015625000e+01
8.452697753906250000e+01
8.455366516113281250e+01
8.531061553955078125e+01
8.396702575683593750e+01
8.704013061523437500e+01
8.892807006835937500e+01
8.833041381835937500e+01
8.900738525390625000e+01
9.205474090576171875e+01
9.521571350097656250e+01
9.767225646972656250e+01
1.001034088134765625e+02
9.989415740966796875e+01
1.023659133911132812e+02
1.016923522949218750e+02
1.034568023681640625e+02
1.044618759155273438e+02
1.050101089477539062e+02
1.035662918090820312e+02
1.018873519897460938e+02
9.996040344238281250e+01
1.015679473876953125e+02
9.767427062988281250e+01
9.636048889160156250e+01
9.652521514892578125e+01
9.449870300292968750e+01
9.116751861572265625e+01
8.870166778564453125e+01
8.840567016601562500e+01
8.636828613281250000e+01
8.516129302978515625e+01
8.465697479248046875e+01
8.306672668457031250e+01
8.210987091064453125e+01
8.348091125488281250e+01
8.455687713623046875e+01
8.374002075195312500e+01
8.767765045166015625e+01
8.945127868652343750e+01
9.476371765136718750e+01
9.016277313232421875e+01
9.703421783447265625e+01
9.619069671630859375e+01
9.887876129150390625e+01
9.892591857910156250e+01
1.022470321655273438e+02
1.035138015747070312e+02
1.030861740112304688e+02
1.032622375488281250e+02
1.042217712402343750e+02
1.044999389648437500e+02
1.044170608520507812e+02
1.033375625610351562e+02
1.016911392211914062e+02
1.002339553833007812e+02
9.399869537353515625e+01
9.564689636230468750e+01
9.451015472412109375e+01
9.433518981933593750e+01
9.027934265136718750e+01
8.845180511474609375e+01
8.793852233886718750e+01
8.491329956054687500e+01
8.470811462402343750e+01
8.334759521484375000e+01
8.263655090332031250e+01
8.333081054687500000e+01
8.425900268554687500e+01
8.672619628906250000e+01
8.669731140136718750e+01
8.938486480712890625e+01
9.259812927246093750e+01
9.289957427978515625e+01
9.788579559326171875e+01
9.610915374755859375e+01
9.949974822998046875e+01
1.018257217407226562e+02
1.030082092285156250e+02
1.041474990844726562e+02
1.044811630249023438e+02
1.039488830566406250e+02
1.041223068237304688e+02
1.033595046997070312e+02
1.047018737792968750e+02
1.024383926391601562e+02
1.007141952514648438e+02
1.010250167846679688e+02
9.836699676513671875e+01
9.727053070068359375e+01
9.332029724121093750e+01
9.264592742919921875e+01
9.004648590087890625e+01
8.694990539550781250e+01
8.679451751708984375e+01
8.466564941406250000e+01
8.355747222900390625e+01
8.253316497802734375e+01
8.222576141357421875e+01
8.303269958496093750e+01
8.355562591552734375e+01
8.430447387695312500e+01
8.634438323974609375e+01
9.928340911865234375e+01
9.203804016113281250e+01
9.582254028320312500e+01
9.488679504394531250e+01
9.689064788818359375e+01
1.013817062377929688e+02
1.017406311035156250e+02
1.037108535766601562e+02
1.034546127319335938e+02
1.048481292724609375e+02
1.045644226074218750e+02
1.039018554687500000e+02
1.042182540893554688e+02
1.046993560791015625e+02
1.030472946166992188e+02
1.032639846801757812e+02
9.955349731445312500e+01
9.798220062255859375e+01
9.633412933349609375e+01
9.567178344726562500e+01
9.272457885742187500e+01
8.999824523925781250e+01
8.752258300781250000e+01
8.723873901367187500e+01
8.423529052734375000e+01
8.491041564941406250e+01
8.346668243408203125e+01
8.270214843750000000e+01
8.207489776611328125e+01
8.391308593750000000e+01
8.683115386962890625e+01
8.347401428222656250e+01
8.831494140625000000e+01
9.542183685302734375e+01
8.980200958251953125e+01
9.652502441406250000e+01
9.781925201416015625e+01
9.969640350341796875e+01
1.012416763305664062e+02
1.036921234130859375e+02
1.037108764648437500e+02
1.050326385498046875e+02
1.057054367065429688e+02
1.037344055175781250e+02
1.042052078247070312e+02
1.043332519531250000e+02
1.025122604370117188e+02
1.075843887329101562e+02
1.024791946411132812e+02
9.798844146728515625e+01
9.485207366943359375e+01
9.422350311279296875e+01
9.102224731445312500e+01
8.976700592041015625e+01
8.704846954345703125e+01
8.695290374755859375e+01
8.465186309814453125e+01
8.466320037841796875e+01
8.421216583251953125e+01
8.272267150878906250e+01
8.371337890625000000e+01
8.569172668457031250e+01
8.421717071533203125e+01
8.880773162841796875e+01
9.126641082763671875e+01
9.031964111328125000e+01
9.957283782958984375e+01
9.627928161621093750e+01
9.881373596191406250e+01
1.002535247802734375e+02
1.015152359008789062e+02
1.030213241577148438e+02
1.032596893310546875e+02
1.043228988647460938e+02
1.049589004516601562e+02
1.038607635498046875e+02
1.026224517822265625e+02
1.023745803833007812e+02
1.052935562133789062e+02
1.016379470825195312e+02
1.012221221923828125e+02
9.624636077880859375e+01
9.594855499267578125e+01
9.266358947753906250e+01
9.006418609619140625e+01
8.876369476318359375e+01
8.774307250976562500e+01
8.574774932861328125e+01
8.526322937011718750e+01
8.434073638916015625e+01
8.425800323486328125e+01
8.376587677001953125e+01
8.528620910644531250e+01
8.541143798828125000e+01
8.825304412841796875e+01
9.031164550781250000e+01
9.007889556884765625e+01
8.974197387695312500e+01
9.858724212646484375e+01
9.912615203857421875e+01
9.756617736816406250e+01
1.000770111083984375e+02
1.012820587158203125e+02
1.028880844116210938e+02
1.033724517822265625e+02
1.044274139404296875e+02
1.046056060791015625e+02
1.027070617675781250e+02
1.030467300415039062e+02
1.055421447753906250e+02
1.020060272216796875e+02
1.001511001586914062e+02
9.755923461914062500e+01
9.566158294677734375e+01
9.907292938232421875e+01
9.306178283691406250e+01
9.083040618896484375e+01
8.879088592529296875e+01
8.704627227783203125e+01
8.594040679931640625e+01
8.532781219482421875e+01
8.428176879882812500e+01
8.567279052734375000e+01
8.425473785400390625e+01
8.622669982910156250e+01
9.120696258544921875e+01
8.967115783691406250e+01
9.183658599853515625e+01
9.167344665527343750e+01
8.980545806884765625e+01
9.621941375732421875e+01
9.751641082763671875e+01
9.890935516357421875e+01
1.006822128295898438e+02
1.018481597900390625e+02
1.037955322265625000e+02
1.043564224243164062e+02
1.037182464599609375e+02
1.044648361206054688e+02
1.028860397338867188e+02
1.007977828979492188e+02
1.009272079467773438e+02
1.000321731567382812e+02
9.775779724121093750e+01
9.957735443115234375e+01
9.287759399414062500e+01
9.261214447021484375e+01
9.112159729003906250e+01
8.951190185546875000e+01
8.701552581787109375e+01
8.711294555664062500e+01
8.555677032470703125e+01
8.551335144042968750e+01
8.481117248535156250e+01
8.455791473388671875e+01
8.495787048339843750e+01
8.466867828369140625e+01
8.702536773681640625e+01
8.927051544189453125e+01
9.161907958984375000e+01
9.222280120849609375e+01
9.960412597656250000e+01
9.733522796630859375e+01
9.657820129394531250e+01
9.965745544433593750e+01
9.987300109863281250e+01
1.018919906616210938e+02
1.024784851074218750e+02
1.039233245849609375e+02
1.035618972778320312e+02
1.030771636962890625e+02
1.029309921264648438e+02
1.013012847900390625e+02
9.897599029541015625e+01
9.899127197265625000e+01
9.729052734375000000e+01
9.690843963623046875e+01
9.685623931884765625e+01
9.625195312500000000e+01
9.085548400878906250e+01
8.942919921875000000e+01
8.793475341796875000e+01
8.638308715820312500e+01
8.695550537109375000e+01
8.651358795166015625e+01
8.556707763671875000e+01
8.713800048828125000e+01
8.838953399658203125e+01
8.749909210205078125e+01
8.956021118164062500e+01
8.948031616210937500e+01
9.092546844482421875e+01
9.117706298828125000e+01
9.394685363769531250e+01
9.677989959716796875e+01
9.986696624755859375e+01
9.919355010986328125e+01
1.013905029296875000e+02
1.020693130493164062e+02
1.041211700439453125e+02
1.047113265991210938e+02
1.029559326171875000e+02
1.031214218139648438e+02
1.018740921020507812e+02
1.020655364990234375e+02
9.961377716064453125e+01
9.864607238769531250e+01
9.778710937500000000e+01
9.646508026123046875e+01
9.558558654785156250e+01
9.296824645996093750e+01
9.083856964111328125e+01
8.940635681152343750e+01
8.823748779296875000e+01
8.688429260253906250e+01
8.626699066162109375e+01
8.562818145751953125e+01
8.588757324218750000e+01
9.173321533203125000e+01
8.651056671142578125e+01
8.701503753662109375e+01
8.988656616210937500e+01
9.140111541748046875e+01
9.134378051757812500e+01
9.772716522216796875e+01
9.777519989013671875e+01
9.502069854736328125e+01
9.796970367431640625e+01
9.953596496582031250e+01
1.021821517944335938e+02
1.020704269409179688e+02
1.036896591186523438e+02
1.041765136718750000e+02
1.039337081909179688e+02
1.017195510864257812e+02
1.018414230346679688e+02
1.015807800292968750e+02
1.014335556030273438e+02
9.747357177734375000e+01
9.648628234863281250e+01
9.700216674804687500e+01
9.491806793212890625e+01
9.510253143310546875e+01
9.058654785156250000e+01
8.624433135986328125e+01
8.753952026367187500e+01
8.633039093017578125e+01
8.718064117431640625e+01
8.627163696289062500e+01
8.030666351318359375e+01
8.534963989257812500e+01
8.775576019287109375e+01
8.869475555419921875e+01
8.841313934326171875e+01
9.185569763183593750e+01
9.437819671630859375e+01
9.442198944091796875e+01
9.706799316406250000e+01
9.413780212402343750e+01
9.935011291503906250e+01
9.933928680419921875e+01
1.008423995971679688e+02
1.010343933105468750e+02
1.026544342041015625e+02
1.013554534912109375e+02
1.100740356445312500e+02
1.030717163085937500e+02
1.004237976074218750e+02
1.004424514770507812e+02
9.968407440185546875e+01
9.798951721191406250e+01
9.726473236083984375e+01
9.652766418457031250e+01
9.506951904296875000e+01
9.270137786865234375e+01
9.204438781738281250e+01
8.973306274414062500e+01
8.888123321533203125e+01
8.793099212646484375e+01
8.743506622314453125e+01
8.569576263427734375e+01
8.458778381347656250e+01
8.914759826660156250e+01
8.738285827636718750e+01
9.072315216064453125e+01
9.083779907226562500e+01
9.152233886718750000e+01
9.235852813720703125e+01
9.296743011474609375e+01
9.522187805175781250e+01
9.699909210205078125e+01
9.760034179687500000e+01
9.892948150634765625e+01
1.005074234008789062e+02
1.013061141967773438e+02
1.021631698608398438e+02
1.059817276000976562e+02
1.022407608032226562e+02
1.014451980590820312e+02
1.010876464843750000e+02
1.012611694335937500e+02
9.848207092285156250e+01
9.798512268066406250e+01
9.832789611816406250e+01
9.608065032958984375e+01
9.319373321533203125e+01
9.444315338134765625e+01
9.438863372802734375e+01
9.041594696044921875e+01
8.861004638671875000e+01
8.851847076416015625e+01
8.824617004394531250e+01
8.748348999023437500e+01
8.768515014648437500e+01
8.892229461669921875e+01
8.761754608154296875e+01
9.071195983886718750e+01
9.180428314208984375e+01
9.033320617675781250e+01
9.350398254394531250e+01
9.674541473388671875e+01
9.720981597900390625e+01
9.899361419677734375e+01
9.851091766357421875e+01
9.855044555664062500e+01
1.002350463867187500e+02
1.018782730102539062e+02
1.048816986083984375e+02
1.035726242065429688e+02
1.018414306640625000e+02
1.027273025512695312e+02
1.011056900024414062e+02
1.000782928466796875e+02
1.001172180175781250e+02
9.904325866699218750e+01
9.651329040527343750e+01
9.597360992431640625e+01
9.407498168945312500e+01
9.440386199951171875e+01
8.812192535400390625e+01
8.982099151611328125e+01
8.820980834960937500e+01
8.884168243408203125e+01
7.658337402343750000e+01
8.552314758300781250e+01
8.756137847900390625e+01
8.873370361328125000e+01
8.796595764160156250e+01
9.092382049560546875e+01
9.005160522460937500e+01
9.233227539062500000e+01
9.285144805908203125e+01
9.382415008544921875e+01
9.510475158691406250e+01
9.701378631591796875e+01
9.486477661132812500e+01
1.005175704956054688e+02
1.003979492187500000e+02
1.023802032470703125e+02
1.002514038085937500e+02
1.022861022949218750e+02
1.016519317626953125e+02
1.021893844604492188e+02
1.016576766967773438e+02
9.987428283691406250e+01
9.950077056884765625e+01
9.723937225341796875e+01
9.538230133056640625e+01
9.592124176025390625e+01
9.476610565185546875e+01
9.296820068359375000e+01
8.997487640380859375e+01
9.158422851562500000e+01
8.876020050048828125e+01
9.121553802490234375e+01
8.842920684814453125e+01
8.676184082031250000e+01
8.719290161132812500e+01
8.763906860351562500e+01
9.033557128906250000e+01
8.890933227539062500e+01
9.128097534179687500e+01
9.017869567871093750e+01
9.234695434570312500e+01
9.429699707031250000e+01
9.408840942382812500e+01
9.576358032226562500e+01
9.685180664062500000e+01
9.770903015136718750e+01
9.945037078857421875e+01
9.804795074462890625e+01
1.011067199707031250e+02
1.020888900756835938e+02
1.026664505004882812e+02
1.029108428955078125e+02
1.025729675292968750e+02
1.011794509887695312e+02
9.978253936767578125e+01
9.795867919921875000e+01
9.571880340576171875e+01
9.605955505371093750e+01
9.568325042724609375e+01
9.405983734130859375e+01
9.401337432861328125e+01
8.966799163818359375e+01
9.276652526855468750e+01
8.865885162353515625e+01
8.917213439941406250e+01
8.785049438476562500e+01
8.809805297851562500e+01
8.953782653808593750e+01
9.100820922851562500e+01
8.866700744628906250e+01
9.178179168701171875e+01
9.277079772949218750e+01
9.111402893066406250e+01
9.525999450683593750e+01
9.400293731689453125e+01
9.660457611083984375e+01
9.706035614013671875e+01
9.655229187011718750e+01
9.515919494628906250e+01
9.889588165283203125e+01
1.006120223999023438e+02
1.003270721435546875e+02
1.007555465698242188e+02
1.013179244995117188e+02
1.019297256469726562e+02
1.002514038085937500e+02
9.923668670654296875e+01
9.806441497802734375e+01
9.687065124511718750e+01
9.643379211425781250e+01
9.533624267578125000e+01
9.476369476318359375e+01
9.299239349365234375e+01
9.108900451660156250e+01
8.666963958740234375e+01
8.954869079589843750e+01
8.994904327392578125e+01
8.912745666503906250e+01
8.772569274902343750e+01
8.946154022216796875e+01
9.048850250244140625e+01
9.032683563232421875e+01
9.247035217285156250e+01
9.141375732421875000e+01
8.960303497314453125e+01
9.519786071777343750e+01
9.375247192382812500e+01
9.472847747802734375e+01
9.568174743652343750e+01
9.655506896972656250e+01
1.007783279418945312e+02
1.001739730834960938e+02
9.855896759033203125e+01
1.001878585815429688e+02
1.010565338134765625e+02
1.006714401245117188e+02
1.009066619873046875e+02
9.994592285156250000e+01
9.813607788085937500e+01
9.852777099609375000e+01
9.622866058349609375e+01
9.647900390625000000e+01
9.543890380859375000e+01
9.449431610107421875e+01
9.361720275878906250e+01
9.503415679931640625e+01
8.754170989990234375e+01
9.123977661132812500e+01
8.994335937500000000e+01
8.909664916992187500e+01
8.977444458007812500e+01
8.977928924560546875e+01
8.991787719726562500e+01
9.066224670410156250e+01
9.143462371826171875e+01
9.233769226074218750e+01
9.586542510986328125e+01
9.296124267578125000e+01
9.292771911621093750e+01
9.486354827880859375e+01
9.413539123535156250e+01
9.530234527587890625e+01
9.571208953857421875e+01
9.921344757080078125e+01
1.000559997558593750e+02
9.964360809326171875e+01
9.968841552734375000e+01
1.000693283081054688e+02
1.010119247436523438e+02
9.987331390380859375e+01
9.908630371093750000e+01
9.726026153564453125e+01
9.786468505859375000e+01
9.627749633789062500e+01
9.493648529052734375e+01
9.494564819335937500e+01
9.413636779785156250e+01
9.285465240478515625e+01
9.009826660156250000e+01
8.874845886230468750e+01
9.290260314941406250e+01
8.814382934570312500e+01
8.993648529052734375e+01
9.036409759521484375e+01
9.101665496826171875e+01
9.075755310058593750e+01
9.254121398925781250e+01
9.203799438476562500e+01
9.668371582031250000e+01
9.376552581787109375e+01
9.246062469482421875e+01
9.428583526611328125e+01
9.478297424316406250e+01
9.302665710449218750e+01
9.579074096679687500e+01
9.513887023925781250e+01
1.002790527343750000e+02
9.735895538330078125e+01
9.848687744140625000e+01
9.959365081787109375e+01
9.952420043945312500e+01
9.993431091308593750e+01
9.851510620117187500e+01
9.843319702148437500e+01
9.834997558593750000e+01
9.785916137695312500e+01
9.533787536621093750e+01
9.548754882812500000e+01
9.340190887451171875e+01
9.388293457031250000e+01
9.442412567138671875e+01
9.330490112304687500e+01
9.265303039550781250e+01
9.062080383300781250e+01
9.033263397216796875e+01
9.082035827636718750e+01
9.063980865478515625e+01
9.258023071289062500e+01
9.376451873779296875e+01
9.281118774414062500e+01
8.934274291992187500e+01
9.510256958007812500e+01
9.382369995117187500e+01
9.282182312011718750e+01
9.520407104492187500e+01
9.495133972167968750e+01
9.431971740722656250e+01
9.705339050292968750e+01
9.727199554443359375e+01
9.937024688720703125e+01
9.717725372314453125e+01
9.817675781250000000e+01
9.789751434326171875e+01
9.983686828613281250e+01
9.914942169189453125e+01
9.975054168701171875e+01
9.887139892578125000e+01
9.733470153808593750e+01
9.667381286621093750e+01
9.551792907714843750e+01
9.841295623779296875e+01
9.547618865966796875e+01
9.641748046875000000e+01
9.547682189941406250e+01
9.122418212890625000e+01
9.300038909912109375e+01
9.146615600585937500e+01
9.287020111083984375e+01
9.149011993408203125e+01
9.176747894287109375e+01
9.135694122314453125e+01
9.124903869628906250e+01
9.005213165283203125e+01
9.028355407714843750e+01
9.332959747314453125e+01
9.284483337402343750e+01
9.702231597900390625e+01
9.559733581542968750e+01
9.527439880371093750e+01
9.418854522705078125e+01
9.886615753173828125e+01
9.647554779052734375e+01
9.518257141113281250e+01
9.689377593994140625e+01
9.735545349121093750e+01
9.832535552978515625e+01
9.837474822998046875e+01
9.875481414794921875e+01
9.902902984619140625e+01
9.708883666992187500e+01
9.808676910400390625e+01
9.612917327880859375e+01
9.605452728271484375e+01
9.624016571044921875e+01
9.683125305175781250e+01
9.551351928710937500e+01
9.411718750000000000e+01
9.502520751953125000e+01
9.578665924072265625e+01
9.237644958496093750e+01
9.258013153076171875e+01
9.280623626708984375e+01
9.142819213867187500e+01
9.424304962158203125e+01
9.286305999755859375e+01
9.648574066162109375e+01
9.235167694091796875e+01
9.169098663330078125e+01
9.112358856201171875e+01
9.144755554199218750e+01
9.519577789306640625e+01
9.461410522460937500e+01
9.487450408935546875e+01
9.614921569824218750e+01
9.431833648681640625e+01
9.563500976562500000e+01
9.613464355468750000e+01
9.764181518554687500e+01
9.794190216064453125e+01
9.722222137451171875e+01
9.737136077880859375e+01
9.874683380126953125e+01
9.797833251953125000e+01
9.851261138916015625e+01
9.668601989746093750e+01
9.570371246337890625e+01
9.631668853759765625e+01
9.706247711181640625e+01
9.740850067138671875e+01
9.594892883300781250e+01
9.179483032226562500e+01
9.705357360839843750e+01
9.439060211181640625e+01
9.455277252197265625e+01
9.432933044433593750e+01
9.506005096435546875e+01
9.257506561279296875e+01
9.331086730957031250e+01
9.563548278808593750e+01
9.184834289550781250e+01
9.193302917480468750e+01
9.253568267822265625e+01
9.202484130859375000e+01
9.357408142089843750e+01
9.230444335937500000e+01
9.286972045898437500e+01
9.489109039306640625e+01
9.401432037353515625e+01
9.669157409667968750e+01
9.506088256835937500e+01
9.721514892578125000e+01
9.747862243652343750e+01
9.862825775146484375e+01
9.946421051025390625e+01
9.910456085205078125e+01
9.257847595214843750e+01
9.641508483886718750e+01
9.690402984619140625e+01
9.668808746337890625e+01
9.747079467773437500e+01
9.795575714111328125e+01
9.843228149414062500e+01
9.707223510742187500e+01
9.237431335449218750e+01
9.949844360351562500e+01
9.406989288330078125e+01
9.545156860351562500e+01
9.522437286376953125e+01
9.443686676025390625e+01
9.553216552734375000e+01
9.421911621093750000e+01
8.939453125000000000e+01
8.933078765869140625e+01
9.209227752685546875e+01
9.078738403320312500e+01
8.958589935302734375e+01
9.158237457275390625e+01
9.194606018066406250e+01
9.177245330810546875e+01
9.235794067382812500e+01
9.186513519287109375e+01
9.482427978515625000e+01
9.493618011474609375e+01
9.654868316650390625e+01
9.710290527343750000e+01
9.775012969970703125e+01
9.844844818115234375e+01
9.815045928955078125e+01
9.851824951171875000e+01
1.002675247192382812e+02
9.827511596679687500e+01
9.795732879638671875e+01
9.774253845214843750e+01
9.809495544433593750e+01
9.817805480957031250e+01
9.596100616455078125e+01
9.631472015380859375e+01
9.675770568847656250e+01
9.469801330566406250e+01
