-1.252807083129882812e+02
-1.256850433349609375e+02
-1.249947967529296875e+02
-1.252870101928710938e+02
-1.255924530029296875e+02
-1.246987228393554688e+02
-1.256867904663085938e+02
-1.249058837890625000e+02
-1.247091979980468750e+02
-1.252230224609375000e+02
-1.250832901000976562e+02
-1.253618087768554688e+02
-1.249150466918945312e+02
-1.250862808227539062e+02
-1.254413452148437500e+02
-1.252930450439453125e+02
-1.257375946044921875e+02
-1.256964111328125000e+02
-1.250491943359375000e+02
-1.259823608398437500e+02
-1.250634460449218750e+02
-1.256729431152343750e+02
-1.247813034057617188e+02
-1.249638595581054688e+02
-1.259826049804687500e+02
-1.250021362304687500e+02
-1.254274902343750000e+02
-1.247849502563476562e+02
-1.246262283325195312e+02
-1.255395202636718750e+02
-1.251919708251953125e+02
-1.250111770629882812e+02
-1.253300781250000000e+02
-1.248020782470703125e+02
-1.251875915527343750e+02
-1.249268798828125000e+02
-1.257371215820312500e+02
-1.252724227905273438e+02
-1.250260162353515625e+02
-1.254933242797851562e+02
-1.252212753295898438e+02
-1.253987655639648438e+02
-1.254650573730468750e+02
-1.253881225585937500e+02
-1.256547698974609375e+02
-1.251143722534179688e+02
-1.251993942260742188e+02
-1.256035156250000000e+02
-1.247145309448242188e+02
-1.255254058837890625e+02
-1.252861328125000000e+02
-1.251601181030273438e+02
-1.254656600952148438e+02
-1.248085098266601562e+02
-1.251774902343750000e+02
-1.252241439819335938e+02
-1.253325958251953125e+02
-1.254731292724609375e+02
-1.248689193725585938e+02
-1.254033660888671875e+02
-1.250973358154296875e+02
-1.250995025634765625e+02
-1.257722244262695312e+02
-1.249653854370117188e+02
-1.251354217529296875e+02
-1.252371368408203125e+02
-1.250757675170898438e+02
-1.258439865112304688e+02
-1.251745300292968750e+02
-1.255548324584960938e+02
-1.254165496826171875e+02
-1.248194808959960938e+02
-1.257198638916015625e+02
-1.249977340698242188e+02
-1.249857864379882812e+02
-1.256522979736328125e+02
-1.249569625854492188e+02
-1.252488784790039062e+02
-1.252177124023437500e+02
-1.251941833496093750e+02
-1.256081085205078125e+02
-1.251515121459960938e+02
-1.255634841918945312e+02
-1.254881591796875000e+02
-1.253917312622070312e+02
-1.258324966430664062e+02
-1.248924255371093750e+02
-1.252493743896484375e+02
-1.253119812011718750e+02
-1.247754287719726562e+02
-1.254407958984375000e+02
-1.249677124023437500e+02
-1.253923950195312500e+02
-1.247470397949218750e+02
-1.246942062377929688e+02
-1.256552886962890625e+02
-1.250266265869140625e+02
-1.258170852661132812e+02
-1.250283737182617188e+02
-1.245548248291015625e+02
-1.257128829956054688e+02
-1.249121704101562500e+02
-1.258524398803710938e+02
-1.253756484985351562e+02
-1.248889694213867188e+02
-1.258188095092773438e+02
-1.252076721191406250e+02
-1.253054122924804688e+02
-1.257462158203125000e+02
-1.253132629394531250e+02
-1.256590042114257812e+02
-1.246899566650390625e+02
-1.251364288330078125e+02
-1.258167877197265625e+02
-1.245102920532226562e+02
-1.260597229003906250e+02
-1.250879364013671875e+02
-1.250500793457031250e+02
-1.251811141967773438e+02
-1.254417114257812500e+02
-1.253282928466796875e+02
-1.252661514282226562e+02
-1.252800140380859375e+02
-1.256952209472656250e+02
-1.249567565917968750e+02
-1.254041976928710938e+02
-1.250257797241210938e+02
-1.250541687011718750e+02
-1.255131683349609375e+02
-1.247038345336914062e+02
-1.258229446411132812e+02
-1.249437637329101562e+02
-1.250737991333007812e+02
-1.254857254028320312e+02
-1.249382858276367188e+02
-1.253998565673828125e+02
-1.252257385253906250e+02
-1.252331619262695312e+02
-1.255298233032226562e+02
-1.249957809448242188e+02
-1.253976287841796875e+02
-1.256523437500000000e+02
-1.251350631713867188e+02
-1.256324005126953125e+02
-1.252256011962890625e+02
-1.252545242309570312e+02
-1.250040054321289062e+02
-1.249951934814453125e+02
-1.256476135253906250e+02
-1.249477691650390625e+02
-1.252187881469726562e+02
-1.258405685424804688e+02
-1.249617843627929688e+02
-1.259477462768554688e+02
-1.253702163696289062e+02
-1.250087738037109375e+02
-1.257051010131835938e+02
-1.253133163452148438e+02
-1.254418640136718750e+02
-1.249365921020507812e+02
-1.257275314331054688e+02
-1.256033401489257812e+02
-1.246282882690429688e+02
-1.256709365844726562e+02
-1.256809616088867188e+02
-1.252359848022460938e+02
-1.258747711181640625e+02
-1.253289337158203125e+02
-1.254998245239257812e+02
-1.256419067382812500e+02
-1.247436141967773438e+02
-1.259220275878906250e+02
-1.250092620849609375e+02
-1.256338424682617188e+02
-1.254105148315429688e+02
-1.250740280151367188e+02
-1.250608901977539062e+02
-1.247655639648437500e+02
-1.254773101806640625e+02
-1.253619232177734375e+02
-1.245406875610351562e+02
-1.258656082153320312e+02
-1.247341461181640625e+02
-1.250557632446289062e+02
-1.254776000976562500e+02
-1.248984375000000000e+02
-1.256907119750976562e+02
-1.247918853759765625e+02
-1.249103469848632812e+02
-1.255159454345703125e+02
-1.247490615844726562e+02
-1.252470092773437500e+02
-1.250645751953125000e+02
-1.249935684204101562e+02
-1.257734985351562500e+02
-1.246464462280273438e+02
-1.256119766235351562e+02
-1.251688461303710938e+02
-1.244721679687500000e+02
-1.252659606933593750e+02
-1.247321548461914062e+02
-1.250182418823242188e+02
-1.249126892089843750e+02
-1.247740478515625000e+02
-1.254793701171875000e+02
-1.249437255859375000e+02
-1.251834869384765625e+02
-1.253724975585937500e+02
-1.249634246826171875e+02
-1.255035934448242188e+02
-1.246425933837890625e+02
-1.248783187866210938e+02
-1.252493591308593750e+02
-1.252450332641601562e+02
-1.252630920410156250e+02
-1.252098159790039062e+02
-1.249653091430664062e+02
-1.254841995239257812e+02
-1.252695922851562500e+02
-1.250086898803710938e+02
-1.251822204589843750e+02
-1.251941604614257812e+02
-1.253763885498046875e+02
-1.243751525878906250e+02
-1.254418792724609375e+02
-1.249395294189453125e+02
-1.250214767456054688e+02
-1.258911666870117188e+02
-1.245488052368164062e+02
-1.254373016357421875e+02
-1.250701751708984375e+02
-1.254391326904296875e+02
-1.257980270385742188e+02
-1.250755615234375000e+02
-1.253018875122070312e+02
-1.248571166992187500e+02
-1.254292678833007812e+02
-1.259492111206054688e+02
-1.242632980346679688e+02
-1.256454315185546875e+02
-1.248352584838867188e+02
-1.249976806640625000e+02
-1.258965072631835938e+02
-1.247988128662109375e+02
-1.252527770996093750e+02
-1.254034118652343750e+02
-1.253060607910156250e+02
-1.257186737060546875e+02
-1.249123458862304688e+02
-1.255898971557617188e+02
-1.255621414184570312e+02
-1.249530792236328125e+02
-1.256584320068359375e+02
-1.248735656738281250e+02
-1.250988769531250000e+02
-1.253684234619140625e+02
-1.243476486206054688e+02
-1.258238220214843750e+02
-1.246252288818359375e+02
-1.257976608276367188e+02
-1.251231689453125000e+02
-1.246606521606445312e+02
-1.260570678710937500e+02
-1.246113967895507812e+02
-1.251080551147460938e+02
-1.253594894409179688e+02
-1.251409530639648438e+02
-1.251389465332031250e+02
-1.247628326416015625e+02
-1.251229095458984375e+02
-1.254589385986328125e+02
-1.248202438354492188e+02
-1.256660003662109375e+02
-1.247292709350585938e+02
-1.254571075439453125e+02
-1.256588287353515625e+02
-1.251776962280273438e+02
-1.252808761596679688e+02
-1.251752700805664062e+02
-1.254216613769531250e+02
-1.259845352172851562e+02
-1.246758041381835938e+02
-1.252853851318359375e+02
-1.252393188476562500e+02
-1.249831466674804688e+02
-1.256524810791015625e+02
-1.249172210693359375e+02
-1.251781616210937500e+02
-1.252342758178710938e+02
-1.249537200927734375e+02
-1.255348587036132812e+02
-1.248998489379882812e+02
-1.257604904174804688e+02
-1.253359375000000000e+02
-1.248013305664062500e+02
-1.252858734130859375e+02
-1.248424758911132812e+02
-1.254407119750976562e+02
-1.250531158447265625e+02
-1.255466918945312500e+02
-1.255934143066406250e+02
-1.253161621093750000e+02
-1.252146377563476562e+02
-1.250397262573242188e+02
-1.248002471923828125e+02
-1.250927200317382812e+02
-1.250152893066406250e+02
-1.251305999755859375e+02
-1.249414825439453125e+02
-1.253394622802734375e+02
-1.255643692016601562e+02
-1.248808288574218750e+02
-1.250448074340820312e+02
-1.252622451782226562e+02
-1.254131240844726562e+02
-1.253645706176757812e+02
-1.250368576049804688e+02
-1.254453887939453125e+02
-1.250435256958007812e+02
-1.251607894897460938e+02
-1.257793273925781250e+02
-1.251130599975585938e+02
-1.252133255004882812e+02
-1.250121078491210938e+02
-1.248645172119140625e+02
-1.253396453857421875e+02
-1.249572448730468750e+02
-1.251384353637695312e+02
-1.256808395385742188e+02
-1.249349136352539062e+02
-1.254252548217773438e+02
-1.252316055297851562e+02
-1.250925292968750000e+02
-1.251322326660156250e+02
-1.252818450927734375e+02
-1.253953475952148438e+02
-1.250974960327148438e+02
-1.254824905395507812e+02
-1.255582046508789062e+02
-1.244598999023437500e+02
-1.253082122802734375e+02
-1.248786621093750000e+02
-1.245341339111328125e+02
-1.253716583251953125e+02
-1.247434768676757812e+02
-1.253826751708984375e+02
-1.247687988281250000e+02
-1.254086685180664062e+02
-1.253458328247070312e+02
-1.249489974975585938e+02
-1.248082656860351562e+02
-1.253935852050781250e+02
-1.251576690673828125e+02
-1.254111099243164062e+02
-1.249893493652343750e+02
-1.254282302856445312e+02
-1.246888580322265625e+02
-1.245220947265625000e+02
-1.254037780761718750e+02
-1.246926879882812500e+02
-1.258181381225585938e+02
-1.249824371337890625e+02
-1.247866134643554688e+02
-1.253208618164062500e+02
-1.249362487792968750e+02
-1.250998611450195312e+02
-1.253442611694335938e+02
-1.247554016113281250e+02
-1.256673965454101562e+02
-1.251283264160156250e+02
-1.252147064208984375e+02
-1.254314422607421875e+02
-1.251669616699218750e+02
-1.255981216430664062e+02
-1.251305847167968750e+02
-1.254601287841796875e+02
-1.250354919433593750e+02
-1.250563507080078125e+02
-1.255963058471679688e+02
-1.248030471801757812e+02
-1.252326660156250000e+02
-1.257992019653320312e+02
-1.253834762573242188e+02
-1.254793167114257812e+02
-1.252757263183593750e+02
-1.253168563842773438e+02
-1.255286636352539062e+02
-1.248980026245117188e+02
-1.257134323120117188e+02
-1.248268203735351562e+02
-1.254136428833007812e+02
-1.250706405639648438e+02
-1.249412536621093750e+02
-1.257271041870117188e+02
-1.249891815185546875e+02
-1.255738525390625000e+02
-1.253248367309570312e+02
-1.253129119873046875e+02
-1.253388366699218750e+02
-1.247089843750000000e+02
-1.252186508178710938e+02
-1.257154235839843750e+02
-1.253230819702148438e+02
-1.254440917968750000e+02
-1.254798965454101562e+02
-1.248832092285156250e+02
-1.253462142944335938e+02
-1.251880111694335938e+02
-1.256349411010742188e+02
-1.250928421020507812e+02
-1.249946060180664062e+02
-1.256980209350585938e+02
-1.248000717163085938e+02
-1.251803741455078125e+02
-1.252803115844726562e+02
-1.250382232666015625e+02
-1.250756301879882812e+02
-1.251690673828125000e+02
-1.251272659301757812e+02
-1.250705490112304688e+02
-1.248385086059570312e+02
-1.258960189819335938e+02
-1.253452987670898438e+02
-1.250301132202148438e+02
-1.250198135375976562e+02
-1.246201477050781250e+02
-1.255341796875000000e+02
-1.248651351928710938e+02
-1.254334716796875000e+02
-1.250089797973632812e+02
-1.246606216430664062e+02
-1.253833007812500000e+02
-1.246074218750000000e+02
-1.252696609497070312e+02
-1.255874252319335938e+02
-1.250878677368164062e+02
-1.255471572875976562e+02
-1.250091552734375000e+02
-1.255183868408203125e+02
-1.252867355346679688e+02
-1.251846084594726562e+02
-1.257943801879882812e+02
-1.250307922363281250e+02
-1.252047882080078125e+02
-1.249432601928710938e+02
-1.247700424194335938e+02
-1.258068542480468750e+02
-1.249707412719726562e+02
-1.260045318603515625e+02
-1.254245300292968750e+02
-1.252208099365234375e+02
-1.253106002807617188e+02
-1.249328384399414062e+02
-1.256160736083984375e+02
-1.250269165039062500e+02
-1.251343231201171875e+02
-1.257100296020507812e+02
-1.250406723022460938e+02
-1.250402069091796875e+02
-1.255324325561523438e+02
-1.249486923217773438e+02
-1.249374084472656250e+02
-1.249050064086914062e+02
-1.254026718139648438e+02
-1.251485748291015625e+02
-1.250088119506835938e+02
-1.255711441040039062e+02
-1.249061050415039062e+02
-1.253174438476562500e+02
-1.254382858276367188e+02
-1.248693847656250000e+02
-1.253736419677734375e+02
-1.249039688110351562e+02
-1.251975860595703125e+02
-1.251131134033203125e+02
-1.247778472900390625e+02
-1.257833175659179688e+02
-1.247878341674804688e+02
-1.248121490478515625e+02
-1.256327667236328125e+02
-1.252618713378906250e+02
-1.251043930053710938e+02
-1.251522064208984375e+02
-1.252290573120117188e+02
-1.254966964721679688e+02
-1.246677551269531250e+02
-1.255932159423828125e+02
-1.248867492675781250e+02
-1.248727569580078125e+02
-1.254010162353515625e+02
-1.249927520751953125e+02
-1.255896301269531250e+02
-1.250054397583007812e+02
-1.252573242187500000e+02
-1.254034881591796875e+02
-1.248982849121093750e+02
-1.260884246826171875e+02
-1.252037887573242188e+02
-1.255745468139648438e+02
-1.254317703247070312e+02
-1.247521362304687500e+02
-1.253899230957031250e+02
-1.249139556884765625e+02
-1.252297134399414062e+02
-1.253981628417968750e+02
-1.250671691894531250e+02
-1.258636245727539062e+02
-1.248655014038085938e+02
-1.251102142333984375e+02
-1.254740447998046875e+02
-1.247366485595703125e+02
-1.257186737060546875e+02
-1.249030303955078125e+02
-1.249902801513671875e+02
-1.253918380737304688e+02
-1.246800537109375000e+02
-1.253772735595703125e+02
-1.248981094360351562e+02
-1.251267318725585938e+02
-1.250335388183593750e+02
-1.247945632934570312e+02
-1.250753402709960938e+02
-1.255318603515625000e+02
-1.251240158081054688e+02
-1.255200576782226562e+02
-1.247207870483398438e+02
-1.252946166992187500e+02
-1.249178619384765625e+02
-1.249504013061523438e+02
-1.255322113037109375e+02
-1.249513168334960938e+02
-1.259441375732421875e+02
-1.248407897949218750e+02
-1.248157958984375000e+02
-1.253806610107421875e+02
-1.247809066772460938e+02
-1.253361206054687500e+02
-1.247402343750000000e+02
-1.249956359863281250e+02
-1.257593307495117188e+02
-1.251555404663085938e+02
-1.251934738159179688e+02
-1.252162475585937500e+02
-1.246414718627929688e+02
-1.260559539794921875e+02
-1.248532485961914062e+02
-1.254103317260742188e+02
-1.248384017944335938e+02
-1.251300811767578125e+02
-1.252797393798828125e+02
-1.247130813598632812e+02
-1.251564178466796875e+02
-1.253488388061523438e+02
-1.246016159057617188e+02
-1.252116470336914062e+02
-1.245539932250976562e+02
-1.253442459106445312e+02
-1.250282363891601562e+02
-1.249755249023437500e+02
-1.254428482055664062e+02
-1.247201309204101562e+02
-1.252401657104492188e+02
-1.258099975585937500e+02
-1.252042236328125000e+02
-1.257800674438476562e+02
-1.250449447631835938e+02
-1.252956695556640625e+02
-1.253317031860351562e+02
-1.254289245605468750e+02
-1.251584930419921875e+02
-1.248216552734375000e+02
-1.252370147705078125e+02
-1.253905258178710938e+02
-1.252113571166992188e+02
-1.255192642211914062e+02
-1.249005661010742188e+02
-1.253041381835937500e+02
-1.251392135620117188e+02
-1.248049850463867188e+02
-1.252219696044921875e+02
-1.250977325439453125e+02
-1.256862335205078125e+02
-1.253742828369140625e+02
-1.246805114746093750e+02
-1.252153701782226562e+02
-1.250574188232421875e+02
-1.255399475097656250e+02
-1.251741333007812500e+02
-1.245341339111328125e+02
-1.250275421142578125e+02
-1.248824996948242188e+02
-1.255205764770507812e+02
-1.252202606201171875e+02
-1.248995971679687500e+02
-1.257134017944335938e+02
-1.246238632202148438e+02
-1.258873825073242188e+02
-1.248808975219726562e+02
-1.248822784423828125e+02
-1.255451354980468750e+02
-1.247014999389648438e+02
-1.248190689086914062e+02
-1.249515533447265625e+02
-1.248276214599609375e+02
-1.257660369873046875e+02
-1.252295379638671875e+02
-1.254657440185546875e+02
-1.252105484008789062e+02
-1.246801834106445312e+02
-1.252125015258789062e+02
-1.252033767700195312e+02
-1.250290222167968750e+02
-1.254659423828125000e+02
-1.254338836669921875e+02
-1.255766601562500000e+02
-1.255135269165039062e+02
-1.254451522827148438e+02
-1.249369049072265625e+02
-1.252010192871093750e+02
-1.252460021972656250e+02
-1.250577087402343750e+02
-1.246106414794921875e+02
-1.252946319580078125e+02
-1.248772811889648438e+02
-1.253887634277343750e+02
-1.248290863037109375e+02
-1.252203979492187500e+02
-1.251757736206054688e+02
-1.247935714721679688e+02
-1.254328613281250000e+02
-1.248621292114257812e+02
-1.247634582519531250e+02
-1.251848297119140625e+02
-1.247211990356445312e+02
-1.253040313720703125e+02
-1.255834121704101562e+02
-1.255162429809570312e+02
-1.256749114990234375e+02
-1.249550094604492188e+02
-1.254462585449218750e+02
-1.250407943725585938e+02
-1.252098541259765625e+02
-1.255437927246093750e+02
-1.245772933959960938e+02
-1.256447753906250000e+02
-1.250509567260742188e+02
-1.255760345458984375e+02
-1.255102996826171875e+02
-1.247269210815429688e+02
-1.257387542724609375e+02
-1.247982254028320312e+02
-1.253177337646484375e+02
-1.253103790283203125e+02
-1.251972885131835938e+02
-1.257249603271484375e+02
-1.253682174682617188e+02
-1.248278045654296875e+02
-1.252805328369140625e+02
-1.247291030883789062e+02
-1.255107955932617188e+02
-1.249482727050781250e+02
-1.253196945190429688e+02
-1.257455978393554688e+02
-1.248773193359375000e+02
-1.251668395996093750e+02
-1.250702972412109375e+02
-1.245300064086914062e+02
-1.254419555664062500e+02
-1.244563446044921875e+02
-1.249414520263671875e+02
-1.249310073852539062e+02
-1.250906295776367188e+02
-1.253669738769531250e+02
-1.251128234863281250e+02
-1.252110137939453125e+02
-1.249444885253906250e+02
-1.246955032348632812e+02
-1.251548004150390625e+02
-1.251559753417968750e+02
-1.257580490112304688e+02
-1.250776214599609375e+02
-1.248236083984375000e+02
-1.251432495117187500e+02
-1.247972869873046875e+02
-1.251960296630859375e+02
-1.255318603515625000e+02
-1.246192626953125000e+02
-1.253052597045898438e+02
-1.244391326904296875e+02
-1.254724044799804688e+02
-1.254787063598632812e+02
-1.250360565185546875e+02
-1.258697891235351562e+02
-1.247040481567382812e+02
-1.253610458374023438e+02
-1.250528411865234375e+02
-1.251595153808593750e+02
-1.255733871459960938e+02
-1.249058990478515625e+02
-1.249949493408203125e+02
-1.250249786376953125e+02
-1.249509048461914062e+02
-1.258146133422851562e+02
-1.250786056518554688e+02
-1.250444717407226562e+02
-1.253577728271484375e+02
-1.250110168457031250e+02
-1.257391281127929688e+02
-1.249631500244140625e+02
-1.252737960815429688e+02
-1.252141418457031250e+02
-1.248437271118164062e+02
-1.257606124877929688e+02
-1.249870300292968750e+02
-1.247216339111328125e+02
-1.250497131347656250e+02
-1.248240432739257812e+02
-1.249539718627929688e+02
-1.249327392578125000e+02
-1.245361099243164062e+02
-1.248780975341796875e+02
-1.249453887939453125e+02
-1.253116531372070312e+02
-1.251729888916015625e+02
-1.251134567260742188e+02
-1.249485473632812500e+02
-1.248408050537109375e+02
-1.255560607910156250e+02
-1.253706512451171875e+02
-1.250293197631835938e+02
-1.254612045288085938e+02
-1.248706970214843750e+02
-1.254680480957031250e+02
-1.247986526489257812e+02
-1.248386917114257812e+02
-1.254827651977539062e+02
-1.250005264282226562e+02
-1.253875045776367188e+02
-1.248431396484375000e+02
-1.250069732666015625e+02
-1.258110733032226562e+02
-1.247689361572265625e+02
-1.253174438476562500e+02
-1.256701812744140625e+02
-1.248576660156250000e+02
-1.257353973388671875e+02
-1.246318283081054688e+02
-1.256189270019531250e+02
-1.250692596435546875e+02
-1.248889312744140625e+02
-1.254228210449218750e+02
-1.250081710815429688e+02
-1.251784515380859375e+02
-1.253777008056640625e+02
-1.249229965209960938e+02
-1.254471740722656250e+02
-1.247115631103515625e+02
-1.251036834716796875e+02
-1.248215408325195312e+02
-1.246664047241210938e+02
-1.254980850219726562e+02
-1.253698425292968750e+02
-1.250785522460937500e+02
-1.251054916381835938e+02
-1.248060531616210938e+02
-1.254587173461914062e+02
-1.246513671875000000e+02
-1.249404602050781250e+02
-1.251081924438476562e+02
-1.249107742309570312e+02
-1.254242019653320312e+02
-1.248535614013671875e+02
-1.252049102783203125e+02
-1.250265045166015625e+02
-1.249152145385742188e+02
-1.254921035766601562e+02
-1.251255187988281250e+02
-1.252191009521484375e+02
-1.250088729858398438e+02
-1.249204025268554688e+02
-1.253032608032226562e+02
-1.256414031982421875e+02
-1.248843154907226562e+02
-1.254653167724609375e+02
-1.250151519775390625e+02
-1.256468200683593750e+02
-1.254720687866210938e+02
-1.250215606689453125e+02
-1.249572982788085938e+02
-1.249073486328125000e+02
-1.253395843505859375e+02
-1.248944778442382812e+02
-1.250211486816406250e+02
-1.254727783203125000e+02
-1.249791336059570312e+02
-1.253577575683593750e+02
-1.252328033447265625e+02
-1.245922012329101562e+02
-1.255251388549804688e+02
-1.251126174926757812e+02
-1.251606063842773438e+02
-1.247460708618164062e+02
-1.249100112915039062e+02
-1.256107025146484375e+02
-1.251999206542968750e+02
-1.258897171020507812e+02
-1.251788711547851562e+02
-1.245875396728515625e+02
-1.256358947753906250e+02
-1.251131668090820312e+02
-1.254891815185546875e+02
-1.251135177612304688e+02
-1.248637924194335938e+02
-1.254811477661132812e+02
-1.247200088500976562e+02
-1.252045822143554688e+02
-1.252067947387695312e+02
-1.247051849365234375e+02
-1.258528747558593750e+02
-1.247909164428710938e+02
-1.251338882446289062e+02
-1.249716567993164062e+02
-1.249766845703125000e+02
-1.251547088623046875e+02
-1.251413345336914062e+02
-1.256161117553710938e+02
-1.256579284667968750e+02
-1.248411178588867188e+02
-1.257185974121093750e+02
-1.245567092895507812e+02
-1.250307769775390625e+02
-1.255861968994140625e+02
-1.247367706298828125e+02
-1.256477890014648438e+02
-1.249621505737304688e+02
-1.250997009277343750e+02
-1.255135269165039062e+02
-1.252579116821289062e+02
-1.253993225097656250e+02
-1.249766693115234375e+02
-1.250389328002929688e+02
-1.252055664062500000e+02
-1.247280502319335938e+02
-1.255703277587890625e+02
-1.252086944580078125e+02
-1.250041122436523438e+02
-1.254247589111328125e+02
-1.245853042602539062e+02
-1.254255218505859375e+02
-1.253601608276367188e+02
-1.250046768188476562e+02
-1.256451568603515625e+02
-1.248749847412109375e+02
-1.255178985595703125e+02
-1.251938323974609375e+02
-1.251865615844726562e+02
-1.253843765258789062e+02
-1.249040527343750000e+02
-1.254951553344726562e+02
-1.249217300415039062e+02
-1.248833847045898438e+02
-1.256298980712890625e+02
-1.249630355834960938e+02
-1.250773239135742188e+02
-1.248709030151367188e+02
-1.251777114868164062e+02
-1.253703918457031250e+02
-1.245328216552734375e+02
-1.250970916748046875e+02
-1.253820266723632812e+02
-1.245415039062500000e+02
-1.253505706787109375e+02
-1.250194854736328125e+02
-1.249821090698242188e+02
-1.248027343750000000e+02
-1.252185668945312500e+02
-1.258063659667968750e+02
-1.250041275024414062e+02
-1.247532119750976562e+02
-1.249928054809570312e+02
-1.248318710327148438e+02
-1.253953247070312500e+02
-1.250063705444335938e+02
-1.254971847534179688e+02
-1.257428283691406250e+02
-1.249570312500000000e+02
-1.252117843627929688e+02
-1.249575042724609375e+02
-1.249750213623046875e+02
-1.252950134277343750e+02
-1.248727874755859375e+02
-1.255786056518554688e+02
-1.247683410644531250e+02
-1.249384078979492188e+02
-1.256228485107421875e+02
-1.243808364868164062e+02
-1.255611343383789062e+02
-1.252378692626953125e+02
-1.251560440063476562e+02
-1.253658828735351562e+02
-1.249687728881835938e+02
-1.256630096435546875e+02
-1.249703598022460938e+02
-1.250654373168945312e+02
-1.253064727783203125e+02
-1.248095474243164062e+02
-1.255834960937500000e+02
-1.246865692138671875e+02
-1.251958923339843750e+02
-1.251509780883789062e+02
-1.242396697998046875e+02
-1.258704681396484375e+02
-1.251070861816406250e+02
-1.252947235107421875e+02
-1.252342224121093750e+02
-1.247747192382812500e+02
-1.256821365356445312e+02
-1.250934982299804688e+02
-1.251607742309570312e+02
-1.253452529907226562e+02
-1.245203475952148438e+02
-1.254574203491210938e+02
-1.255681686401367188e+02
-1.251977615356445312e+02
-1.257826919555664062e+02
-1.249658813476562500e+02
-1.255973205566406250e+02
-1.245557403564453125e+02
-1.245835571289062500e+02
-1.256307830810546875e+02
-1.250812988281250000e+02
-1.252363815307617188e+02
-1.248552703857421875e+02
-1.249135894775390625e+02
-1.252316436767578125e+02
-1.247981414794921875e+02
-1.251595306396484375e+02
-1.250559997558593750e+02
-1.244567718505859375e+02
-1.257726364135742188e+02
-1.248619003295898438e+02
-1.251743774414062500e+02
-1.256265640258789062e+02
-1.250073776245117188e+02
-1.257368545532226562e+02
-1.250194320678710938e+02
-1.252523117065429688e+02
-1.251281356811523438e+02
-1.249875717163085938e+02
-1.254877624511718750e+02
-1.251113662719726562e+02
-1.249306945800781250e+02
-1.253941574096679688e+02
-1.247394561767578125e+02
-1.252283401489257812e+02
-1.250098114013671875e+02
-1.256230392456054688e+02
-1.251461257934570312e+02
-1.245256576538085938e+02
-1.256512374877929688e+02
-1.246547546386718750e+02
-1.249351196289062500e+02
-1.251346664428710938e+02
-1.244773025512695312e+02
-1.257047805786132812e+02
-1.251834640502929688e+02
-1.248516387939453125e+02
-1.254826812744140625e+02
-1.254964904785156250e+02
-1.257247543334960938e+02
-1.249062957763671875e+02
-1.254170303344726562e+02
-1.252168197631835938e+02
-1.248627471923828125e+02
-1.259324874877929688e+02
-1.247646865844726562e+02
-1.250835342407226562e+02
-1.255646591186523438e+02
-1.245667343139648438e+02
-1.254994583129882812e+02
-1.247514648437500000e+02
-1.253245086669921875e+02
-1.254441299438476562e+02
-1.248541946411132812e+02
-1.253531417846679688e+02
-1.249998703002929688e+02
-1.250647506713867188e+02
-1.252489776611328125e+02
-1.251672515869140625e+02
-1.257008666992187500e+02
-1.253228530883789062e+02
-1.255445327758789062e+02
-1.253996963500976562e+02
-1.248943710327148438e+02
-1.249615097045898438e+02
-1.255830307006835938e+02
-1.245836639404296875e+02
-1.253209991455078125e+02
-1.249398422241210938e+02
-1.252626113891601562e+02
