4.267187881469726562e+01
3.617885208129882812e+01
2.869884681701660156e+01
2.302553749084472656e+01
1.183471488952636719e+01
7.076270103454589844e+00
1.175471591949462891e+01
1.639115905761718750e+01
1.828068923950195312e+01
1.680277252197265625e+01
1.642519378662109375e+01
1.599003124237060547e+01
1.154469871520996094e+01
6.240018844604492188e+00
1.078792810440063477e+00
1.530426383018493652e+00
2.887560606002807617e+00
3.775778055191040039e+00
6.824318885803222656e+00
1.702081871032714844e+01
2.368969535827636719e+01
2.270514297485351562e+01
2.322998619079589844e+01
2.501062202453613281e+01
3.072509765625000000e+01
3.276958084106445312e+01
3.811696243286132812e+01
4.102672576904296875e+01
2.654316520690917969e+01
3.479809188842773438e+01
2.171074485778808594e+01
2.002810478210449219e+01
1.144259643554687500e+01
6.563672065734863281e+00
8.434465408325195312e+00
1.049280643463134766e+01
1.877935218811035156e+01
3.347713851928710938e+01
4.750656890869140625e+01
6.093185043334960938e+01
7.414724731445312500e+01
8.470907592773437500e+01
9.202272796630859375e+01
9.140631103515625000e+01
8.546352386474609375e+01
8.035095214843750000e+01
7.147046661376953125e+01
6.283765792846679688e+01
6.040034103393554688e+01
6.120986938476562500e+01
5.982121658325195312e+01
6.167247772216796875e+01
5.796134185791015625e+01
5.257290649414062500e+01
4.947427368164062500e+01
4.531931686401367188e+01
3.903060150146484375e+01
3.828837585449218750e+01
4.214574050903320312e+01
3.850981521606445312e+01
3.726288986206054688e+01
4.069998550415039062e+01
3.577920150756835938e+01
3.958179855346679688e+01
2.552894210815429688e+01
1.764629173278808594e+01
1.723893165588378906e+01
2.449270820617675781e+01
2.383833885192871094e+01
2.373485946655273438e+01
3.029193305969238281e+01
3.918128967285156250e+01
4.024168014526367188e+01
4.312049102783203125e+01
5.017449951171875000e+01
5.378887176513671875e+01
4.995379638671875000e+01
4.594680786132812500e+01
4.565382385253906250e+01
4.295672988891601562e+01
3.510668563842773438e+01
3.037282752990722656e+01
2.865272331237792969e+01
3.448968887329101562e+01
3.925416946411132812e+01
4.334848022460937500e+01
4.665488433837890625e+01
5.185755157470703125e+01
5.073562622070312500e+01
4.705887222290039062e+01
3.682641220092773438e+01
3.197697830200195312e+01
2.511894416809082031e+01
1.725431442260742188e+01
9.112240791320800781e+00
8.386614799499511719e+00
1.409163856506347656e+01
1.705855560302734375e+01
1.766905212402343750e+01
1.622799110412597656e+01
1.734262084960937500e+01
1.588814926147460938e+01
1.197326469421386719e+01
4.037923812866210938e+00
1.360607385635375977e+00
9.573109447956085205e-02
5.031759738922119141e+00
2.801264762878417969e+00
1.086792564392089844e+01
2.051459312438964844e+01
2.536165428161621094e+01
2.377130508422851562e+01
2.424938774108886719e+01
2.691738128662109375e+01
3.034242248535156250e+01
3.554953384399414062e+01
4.143959426879882812e+01
3.813806915283203125e+01
2.713242912292480469e+01
2.817892074584960938e+01
2.209872817993164062e+01
1.767123794555664062e+01
1.075449943542480469e+01
9.516358375549316406e+00
1.150867748260498047e+01
1.370806503295898438e+01
2.165018844604492188e+01
3.972888946533203125e+01
5.720761108398437500e+01
7.129563903808593750e+01
8.317415618896484375e+01
8.838596343994140625e+01
8.845117950439453125e+01
8.454116058349609375e+01
8.019029998779296875e+01
7.563468170166015625e+01
6.989422607421875000e+01
6.482394409179687500e+01
6.187750625610351562e+01
5.842887496948242188e+01
5.721711730957031250e+01
5.659154510498046875e+01
5.285857009887695312e+01
5.296377563476562500e+01
5.069561386108398438e+01
4.504792404174804688e+01
3.755317306518554688e+01
3.803532028198242188e+01
3.784721374511718750e+01
3.833289718627929688e+01
3.966246032714843750e+01
3.542813873291015625e+01
3.766574478149414062e+01
3.732289123535156250e+01
2.044116973876953125e+01
1.722160148620605469e+01
1.860359954833984375e+01
2.651471138000488281e+01
2.137659263610839844e+01
2.438165855407714844e+01
3.138885116577148438e+01
3.771518707275390625e+01
4.099039840698242188e+01
4.638903427124023438e+01
5.217781066894531250e+01
5.214971923828125000e+01
4.664313125610351562e+01
4.578780746459960938e+01
4.617803573608398438e+01
3.968385314941406250e+01
3.304889678955078125e+01
2.781217193603515625e+01
3.054989242553710938e+01
3.521459960937500000e+01
4.001852798461914062e+01
4.495183944702148438e+01
5.083459472656250000e+01
5.328223037719726562e+01
5.184321212768554688e+01
4.308705520629882812e+01
3.640998458862304688e+01
2.999769973754882812e+01
2.350634956359863281e+01
1.426033782958984375e+01
7.265777111053466797e+00
1.162150764465332031e+01
1.553753662109375000e+01
1.790287971496582031e+01
1.632170677185058594e+01
1.634753227233886719e+01
1.704622650146484375e+01
1.364699649810791016e+01
8.382535934448242188e+00
1.586635112762451172e+00
8.367502689361572266e-01
2.445191383361816406e+00
3.148624420166015625e+00
5.739152908325195312e+00
1.431650543212890625e+01
2.177137565612792969e+01
2.310411262512207031e+01
2.232372474670410156e+01
2.516571617126464844e+01
3.051202011108398438e+01
3.338610076904296875e+01
3.769265365600585938e+01
4.256032180786132812e+01
2.953298950195312500e+01
3.182443428039550781e+01
2.188674926757812500e+01
2.419974327087402344e+01
1.446694660186767578e+01
8.568545341491699219e+00
7.489311218261718750e+00
8.865535736083984375e+00
1.246393585205078125e+01
2.748996543884277344e+01
4.281874084472656250e+01
5.965147781372070312e+01
7.488842773437500000e+01
8.583010101318359375e+01
9.003258514404296875e+01
8.845282745361328125e+01
8.427326202392578125e+01
8.288098907470703125e+01
7.761006927490234375e+01
7.194434356689453125e+01
6.737047576904296875e+01
6.147103500366210938e+01
5.128336334228515625e+01
4.699407196044921875e+01
4.727257537841796875e+01
4.867910003662109375e+01
5.112068176269531250e+01
5.207655334472656250e+01
4.784140396118164062e+01
3.792657089233398438e+01
3.910113906860351562e+01
4.053190612792968750e+01
3.877607727050781250e+01
3.868593978881835938e+01
3.949051666259765625e+01
3.778604507446289062e+01
3.546489715576171875e+01
2.360140991210937500e+01
1.907572746276855469e+01
1.818695259094238281e+01
2.738084030151367188e+01
2.172704315185546875e+01
2.618515777587890625e+01
3.322762298583984375e+01
3.875496673583984375e+01
4.179160308837890625e+01
4.598736190795898438e+01
5.232260513305664062e+01
4.920500946044921875e+01
4.428677749633789062e+01
4.226665115356445312e+01
4.256517410278320312e+01
3.738212966918945312e+01
3.245980834960937500e+01
2.958909416198730469e+01
3.244645309448242188e+01
3.596211624145507812e+01
4.185261535644531250e+01
4.502281570434570312e+01
5.086393737792968750e+01
5.141964340209960938e+01
4.867460250854492188e+01
4.219632339477539062e+01
3.634793090820312500e+01
2.970065116882324219e+01
2.475242233276367188e+01
1.362907791137695312e+01
7.169682979583740234e+00
1.208733081817626953e+01
1.790242576599121094e+01
1.850134086608886719e+01
1.702907180786132812e+01
1.706525230407714844e+01
1.859007835388183594e+01
1.432217502593994141e+01
8.781936645507812500e+00
1.241121530532836914e+00
6.442658305168151855e-01
2.170601367950439453e+00
3.267518997192382812e+00
5.838727951049804688e+00
1.407063579559326172e+01
2.186802101135253906e+01
2.328486251831054688e+01
2.265811157226562500e+01
2.579750633239746094e+01
3.108962059020996094e+01
3.317174148559570312e+01
3.775532531738281250e+01
4.306822204589843750e+01
2.951481437683105469e+01
3.398581314086914062e+01
2.207976913452148438e+01
2.037879371643066406e+01
1.095793724060058594e+01
7.179343223571777344e+00
6.272408962249755859e+00
6.853883743286132812e+00
1.223400878906250000e+01
2.537159156799316406e+01
4.684974288940429688e+01
6.564391326904296875e+01
7.616604614257812500e+01
8.546230316162109375e+01
8.777158355712890625e+01
8.709642028808593750e+01
8.391262817382812500e+01
7.772304534912109375e+01
7.431975555419921875e+01
7.187889099121093750e+01
6.405387115478515625e+01
5.668853378295898438e+01
5.203414916992187500e+01
5.109056854248046875e+01
5.712252426147460938e+01
5.874801635742187500e+01
5.388319015502929688e+01
5.020704650878906250e+01
4.008425521850585938e+01
3.516289520263671875e+01
3.509806060791015625e+01
3.929170989990234375e+01
4.059609603881835938e+01
3.933926010131835938e+01
3.666783142089843750e+01
4.191820526123046875e+01
3.855860900878906250e+01
2.528950881958007812e+01
2.260250282287597656e+01
2.021568679809570312e+01
2.846476364135742188e+01
2.343275451660156250e+01
2.521586799621582031e+01
3.427608489990234375e+01
3.993914413452148438e+01
4.111380004882812500e+01
4.508107376098632812e+01
4.999399185180664062e+01
4.910683441162109375e+01
4.489885711669921875e+01
4.177178573608398438e+01
4.416379165649414062e+01
3.742408370971679688e+01
3.163381385803222656e+01
2.859181213378906250e+01
3.081080627441406250e+01
3.498916244506835938e+01
4.129702377319335938e+01
4.371335983276367188e+01
4.917795181274414062e+01
5.051781845092773438e+01
4.952317047119140625e+01
4.297301483154296875e+01
3.702069854736328125e+01
2.854225349426269531e+01
2.462583732604980469e+01
1.236243247985839844e+01
6.218342781066894531e+00
1.031949043273925781e+01
1.533849811553955078e+01
1.708602333068847656e+01
1.643267440795898438e+01
1.671583175659179688e+01
1.671708488464355469e+01
1.403521728515625000e+01
8.295104026794433594e+00
1.889108657836914062e+00
1.142698526382446289e+00
4.331731796264648438e+00
5.702382564544677734e+00
6.792256355285644531e+00
1.534517955780029297e+01
2.286693191528320312e+01
2.367864799499511719e+01
2.318214416503906250e+01
2.446798896789550781e+01
2.929378700256347656e+01
3.144169616699218750e+01
3.689455032348632812e+01
4.162709426879882812e+01
2.871031379699707031e+01
3.392128753662109375e+01
2.187482833862304688e+01
2.009394073486328125e+01
1.256833553314208984e+01
5.398602485656738281e+00
4.261267662048339844e+00
7.537989616394042969e+00
1.320009422302246094e+01
2.978533935546875000e+01
4.935245132446289062e+01
6.086235427856445312e+01
6.975581359863281250e+01
7.918942260742187500e+01
8.768384552001953125e+01
9.188406372070312500e+01
8.752191925048828125e+01
8.451320648193359375e+01
7.815165710449218750e+01
6.756639099121093750e+01
5.765809249877929688e+01
5.237229919433593750e+01
5.316241073608398438e+01
5.823114013671875000e+01
6.027372741699218750e+01
5.618712615966796875e+01
4.859664535522460938e+01
4.253350067138671875e+01
3.182391166687011719e+01
3.534924316406250000e+01
3.908575439453125000e+01
4.011388015747070312e+01
4.125643157958984375e+01
4.118889999389648438e+01
3.780089187622070312e+01
4.551095962524414062e+01
3.429036331176757812e+01
2.078385353088378906e+01
1.617347335815429688e+01
2.187412834167480469e+01
2.039276885986328125e+01
2.281112480163574219e+01
2.692041778564453125e+01
3.700603866577148438e+01
3.611925125122070312e+01
3.884108734130859375e+01
4.692255401611328125e+01
4.942683792114257812e+01
4.674642944335937500e+01
4.250581359863281250e+01
4.295784759521484375e+01
4.043361663818359375e+01
3.309172821044921875e+01
2.900102043151855469e+01
2.704681777954101562e+01
3.106633758544921875e+01
3.713262176513671875e+01
4.133931350708007812e+01
4.609117507934570312e+01
5.041930389404296875e+01
4.908099365234375000e+01
4.510586166381835938e+01
3.691444778442382812e+01
3.183122253417968750e+01
2.317070579528808594e+01
1.938289070129394531e+01
9.260144233703613281e+00
7.777955055236816406e+00
1.489438152313232422e+01
1.695857429504394531e+01
1.966635131835937500e+01
1.769236183166503906e+01
1.813848495483398438e+01
1.619477462768554688e+01
1.227159118652343750e+01
3.534381151199340820e+00
5.613405704498291016e-01
5.479045510292053223e-01
4.668153285980224609e+00
4.143476486206054688e+00
8.952869415283203125e+00
1.803507804870605469e+01
2.431303787231445312e+01
2.304528045654296875e+01
2.391253089904785156e+01
2.620280647277832031e+01
3.059395408630371094e+01
3.346437454223632812e+01
3.938458633422851562e+01
4.006286621093750000e+01
2.533862876892089844e+01
3.095046043395996094e+01
2.172769355773925781e+01
1.687229156494140625e+01
1.125354290008544922e+01
6.235195159912109375e+00
9.263221740722656250e+00
1.160861015319824219e+01
2.065154075622558594e+01
4.211127090454101562e+01
5.324237060546875000e+01
6.398174285888671875e+01
7.725247955322265625e+01
8.537316894531250000e+01
9.097190856933593750e+01
8.690898895263671875e+01
8.084110260009765625e+01
7.617925262451171875e+01
6.835374450683593750e+01
6.076016998291015625e+01
5.813504791259765625e+01
5.926340103149414062e+01
6.163487625122070312e+01
6.425005340576171875e+01
6.204080200195312500e+01
5.705382537841796875e+01
5.270382308959960938e+01
4.869179153442382812e+01
4.164122772216796875e+01
4.030447769165039062e+01
4.199954223632812500e+01
3.841519546508789062e+01
3.875946807861328125e+01
4.110659408569335938e+01
3.634175872802734375e+01
4.054964065551757812e+01
2.563608932495117188e+01
2.127400016784667969e+01
1.649980163574218750e+01
2.592210578918457031e+01
2.529939270019531250e+01
2.339966011047363281e+01
2.881140136718750000e+01
3.711058044433593750e+01
3.885100936889648438e+01
4.196986389160156250e+01
4.985529327392578125e+01
5.227508926391601562e+01
4.871442413330078125e+01
4.480939102172851562e+01
4.439302825927734375e+01
4.215315246582031250e+01
3.507770156860351562e+01
3.078989219665527344e+01
2.889086341857910156e+01
3.338097763061523438e+01
3.876810455322265625e+01
4.489457702636718750e+01
4.810016250610351562e+01
5.340633010864257812e+01
5.206354904174804688e+01
4.922866058349609375e+01
3.917919921875000000e+01
3.458601379394531250e+01
2.785458946228027344e+01
1.796525573730468750e+01
9.185201644897460938e+00
8.160910606384277344e+00
1.432713794708251953e+01
1.784325790405273438e+01
1.996104049682617188e+01
1.782745361328125000e+01
1.779455566406250000e+01
1.616442489624023438e+01
1.259269142150878906e+01
4.725063800811767578e+00
1.224466204643249512e+00
-5.041306465864181519e-02
2.840822219848632812e+00
1.437871217727661133e+00
8.650844573974609375e+00
1.737460327148437500e+01
2.427216339111328125e+01
2.272411537170410156e+01
2.332929611206054688e+01
2.630520248413085938e+01
3.022407913208007812e+01
3.441839981079101562e+01
3.995666122436523438e+01
3.949898910522460938e+01
2.510151290893554688e+01
3.066390991210937500e+01
2.321545219421386719e+01
1.998201560974121094e+01
1.027221965789794922e+01
7.150462627410888672e+00
1.043591594696044922e+01
1.497363948822021484e+01
2.095739936828613281e+01
3.931850814819335938e+01
5.440726852416992188e+01
7.039742279052734375e+01
8.093373107910156250e+01
8.827218627929687500e+01
8.977616119384765625e+01
8.625655364990234375e+01
8.226124572753906250e+01
7.821808624267578125e+01
7.222268676757812500e+01
6.810059356689453125e+01
6.517658996582031250e+01
6.183445358276367188e+01
5.804626846313476562e+01
5.703694915771484375e+01
5.154368591308593750e+01
5.183635711669921875e+01
5.284010314941406250e+01
4.833732986450195312e+01
3.853483963012695312e+01
3.862854766845703125e+01
4.235762786865234375e+01
4.085037994384765625e+01
4.082084655761718750e+01
4.506119155883789062e+01
3.738554382324218750e+01
4.110213470458984375e+01
2.819867515563964844e+01
1.884834671020507812e+01
2.044263839721679688e+01
2.636197662353515625e+01
2.539091491699218750e+01
2.488104438781738281e+01
2.900227355957031250e+01
4.092168426513671875e+01
3.941543579101562500e+01
4.278764724731445312e+01
5.030939102172851562e+01
5.294749450683593750e+01
4.998500061035156250e+01
4.437066268920898438e+01
4.402590560913085938e+01
4.081499099731445312e+01
3.371638488769531250e+01
2.972856330871582031e+01
2.827518653869628906e+01
3.269085693359375000e+01
3.936283111572265625e+01
4.309436416625976562e+01
4.585095977783203125e+01
5.234402084350585938e+01
5.002136993408203125e+01
4.760079193115234375e+01
3.843169403076171875e+01
3.293978881835937500e+01
2.678443908691406250e+01
1.873406791687011719e+01
9.340356826782226562e+00
9.237817764282226562e+00
1.457776832580566406e+01
1.694075393676757812e+01
1.834298515319824219e+01
1.503222370147705078e+01
1.755548095703125000e+01
1.482031536102294922e+01
1.261055183410644531e+01
4.528623580932617188e+00
9.894245266914367676e-01
-1.923094242811203003e-01
3.750075817108154297e+00
2.311377286911010742e+00
1.058387851715087891e+01
1.941942977905273438e+01
2.461912345886230469e+01
2.282378196716308594e+01
2.473221015930175781e+01
2.648448371887207031e+01
3.118691825866699219e+01
3.483945846557617188e+01
4.135527801513671875e+01
3.738883972167968750e+01
2.549896430969238281e+01
3.273390960693359375e+01
2.113876724243164062e+01
1.765913963317871094e+01
1.033071899414062500e+01
7.987786769866943359e+00
9.961711883544921875e+00
1.040665435791015625e+01
1.968061637878417969e+01
3.854566574096679688e+01
5.658730697631835938e+01
7.076684570312500000e+01
8.273305511474609375e+01
9.229900360107421875e+01
9.105229949951171875e+01
8.648370361328125000e+01
8.268590545654296875e+01
8.000292968750000000e+01
7.558457183837890625e+01
7.110851287841796875e+01
6.420064544677734375e+01
5.595712280273437500e+01
4.906078338623046875e+01
4.676291275024414062e+01
4.708518600463867188e+01
5.269376373291015625e+01
5.640512466430664062e+01
5.365299987792968750e+01
5.107842636108398438e+01
3.952397155761718750e+01
3.766315078735351562e+01
4.142593383789062500e+01
3.923957061767578125e+01
3.723186874389648438e+01
4.045845413208007812e+01
3.439716720581054688e+01
3.790308380126953125e+01
2.441296386718750000e+01
2.100058746337890625e+01
2.122795677185058594e+01
2.906925201416015625e+01
2.668689346313476562e+01
2.608502578735351562e+01
3.355350112915039062e+01
4.308293914794921875e+01
4.285235595703125000e+01
4.604692459106445312e+01
5.238243865966796875e+01
5.097136306762695312e+01
4.453616714477539062e+01
4.117248916625976562e+01
4.102507400512695312e+01
3.795798492431640625e+01
3.212849426269531250e+01
2.997833251953125000e+01
3.162685012817382812e+01
3.684710693359375000e+01
4.228344345092773438e+01
4.489886856079101562e+01
4.823913192749023438e+01
5.152836990356445312e+01
5.101370239257812500e+01
4.443659210205078125e+01
3.657420349121093750e+01
2.934327507019042969e+01
2.559798240661621094e+01
1.639389228820800781e+01
8.326045989990234375e+00
1.092800426483154297e+01
1.689725112915039062e+01
1.883485221862792969e+01
1.878669738769531250e+01
1.658719062805175781e+01
1.806991195678710938e+01
1.502468872070312500e+01
1.047231388092041016e+01
1.804178714752197266e+00
9.555550217628479004e-01
2.126671314239501953e+00
3.944128751754760742e+00
3.370613336563110352e+00
1.201618957519531250e+01
2.101546859741210938e+01
2.432516860961914062e+01
2.201870727539062500e+01
2.542933082580566406e+01
2.917264366149902344e+01
3.205452728271484375e+01
3.616239547729492188e+01
4.388275527954101562e+01
3.347387695312500000e+01
2.893401718139648438e+01
2.590044403076171875e+01
2.032363510131835938e+01
1.217095375061035156e+01
8.133692741394042969e+00
4.403659343719482422e+00
6.696669101715087891e+00
1.041034793853759766e+01
2.378260993957519531e+01
4.449738693237304688e+01
6.097569656372070312e+01
7.181638336181640625e+01
8.016263580322265625e+01
8.526776123046875000e+01
8.847465515136718750e+01
8.850796508789062500e+01
8.404766082763671875e+01
8.085125732421875000e+01
7.124352264404296875e+01
6.145057678222656250e+01
5.357765197753906250e+01
5.226763916015625000e+01
5.476808547973632812e+01
5.773229217529296875e+01
5.620948028564453125e+01
5.461851882934570312e+01
4.515301895141601562e+01
3.504428100585937500e+01
3.349058151245117188e+01
3.765190887451171875e+01
4.026982498168945312e+01
4.155613327026367188e+01
4.191282272338867188e+01
4.060500717163085938e+01
4.330119323730468750e+01
3.018597984313964844e+01
2.502571868896484375e+01
1.822709083557128906e+01
2.143932533264160156e+01
2.367778015136718750e+01
2.023275947570800781e+01
2.544418525695800781e+01
3.495001983642578125e+01
3.483847808837890625e+01
3.880261230468750000e+01
4.471286010742187500e+01
5.009437561035156250e+01
4.888628768920898438e+01
4.414956283569335938e+01
4.303090667724609375e+01
4.116338729858398438e+01
3.389822769165039062e+01
3.009544372558593750e+01
2.896174049377441406e+01
3.372792053222656250e+01
3.637842178344726562e+01
3.983834838867187500e+01
4.344079589843750000e+01
5.044591903686523438e+01
4.994594955444335938e+01
4.900312805175781250e+01
4.166044616699218750e+01
3.462194442749023438e+01
2.877692985534667969e+01
2.279251098632812500e+01
1.180582523345947266e+01
8.751251220703125000e+00
1.269861984252929688e+01
1.537425708770751953e+01
1.754592704772949219e+01
1.607936859130859375e+01
1.725168418884277344e+01
1.695485115051269531e+01
1.297260761260986328e+01
5.648469448089599609e+00
1.198100209236145020e+00
6.304124593734741211e-01
3.445230245590209961e+00
3.173275947570800781e+00
6.866335391998291016e+00
1.604890823364257812e+01
2.368788337707519531e+01
2.326201629638671875e+01
2.426249313354492188e+01
2.591093826293945312e+01
3.065219497680664062e+01
3.215644836425781250e+01
3.851055526733398438e+01
4.156788253784179688e+01
2.703760719299316406e+01
3.255074310302734375e+01
2.352897071838378906e+01
1.841689491271972656e+01
1.126351928710937500e+01
7.134284973144531250e+00
6.319964885711669922e+00
8.299643516540527344e+00
1.829775238037109375e+01
3.443059158325195312e+01
5.654996109008789062e+01
6.490292358398437500e+01
7.566195678710937500e+01
8.243796539306640625e+01
8.744095611572265625e+01
8.951722717285156250e+01
8.437850952148437500e+01
8.096857452392578125e+01
7.253128051757812500e+01
6.245192337036132812e+01
5.653092575073242188e+01
5.599872589111328125e+01
5.703939056396484375e+01
6.082111358642578125e+01
6.349443817138671875e+01
6.029710769653320312e+01
5.552655029296875000e+01
4.758483123779296875e+01
4.231460189819335938e+01
3.547651672363281250e+01
3.806478500366210938e+01
4.306924438476562500e+01
4.016735839843750000e+01
3.795163345336914062e+01
3.389038848876953125e+01
3.414445877075195312e+01
3.460778045654296875e+01
2.542907524108886719e+01
1.719236564636230469e+01
1.866318702697753906e+01
2.800050163269042969e+01
2.336958885192871094e+01
2.767263412475585938e+01
3.757730865478515625e+01
4.270920562744140625e+01
4.450276947021484375e+01
4.765009689331054688e+01
5.279240417480468750e+01
5.126562881469726562e+01
4.606769180297851562e+01
4.469968795776367188e+01
4.550610733032226562e+01
4.040600585937500000e+01
3.426350021362304688e+01
3.070186424255371094e+01
3.133036422729492188e+01
3.436831665039062500e+01
3.851282119750976562e+01
4.328139114379882812e+01
5.221052551269531250e+01
5.214795303344726562e+01
5.166994476318359375e+01
4.253104400634765625e+01
3.930518722534179688e+01
3.050005722045898438e+01
2.384552001953125000e+01
1.138152217864990234e+01
5.678299903869628906e+00
8.114339828491210938e+00
1.412787246704101562e+01
1.627037620544433594e+01
1.631046867370605469e+01
1.567063426971435547e+01
1.839953804016113281e+01
1.396882820129394531e+01
8.421188354492187500e+00
2.453079938888549805e+00
3.207248687744140625e+00
4.069841384887695312e+00
5.554123878479003906e+00
6.773999214172363281e+00
1.673474502563476562e+01
2.378143310546875000e+01
2.413463020324707031e+01
2.300392532348632812e+01
2.564705657958984375e+01
3.090918540954589844e+01
3.460283279418945312e+01
3.890467071533203125e+01
4.228759002685546875e+01
2.997857856750488281e+01
3.621234512329101562e+01
2.323546409606933594e+01
2.342003631591796875e+01
1.359035491943359375e+01
9.149484634399414062e+00
9.468764305114746094e+00
1.419443035125732422e+01
1.911017990112304688e+01
3.696166229248046875e+01
5.029113769531250000e+01
6.257289505004882812e+01
7.463867187500000000e+01
8.321546173095703125e+01
8.942407989501953125e+01
8.570825958251953125e+01
8.118724822998046875e+01
7.453342437744140625e+01
7.077996063232421875e+01
6.276067733764648438e+01
5.958375549316406250e+01
6.020548248291015625e+01
5.996603012084960938e+01
6.199174118041992188e+01
6.021071243286132812e+01
5.571415710449218750e+01
5.071762084960937500e+01
4.707683181762695312e+01
4.342414855957031250e+01
4.052996826171875000e+01
4.288175201416015625e+01
4.022593688964843750e+01
3.950909423828125000e+01
4.158214950561523438e+01
3.655197906494140625e+01
4.099247360229492188e+01
2.620269966125488281e+01
1.953143119812011719e+01
1.650006294250488281e+01
2.577143096923828125e+01
2.684480285644531250e+01
2.508335304260253906e+01
2.906722259521484375e+01
3.831467819213867188e+01
3.962882614135742188e+01
4.307676696777343750e+01
5.112583541870117188e+01
5.298966217041015625e+01
5.039543151855468750e+01
4.610857391357421875e+01
4.653307342529296875e+01
4.455386734008789062e+01
3.463602447509765625e+01
3.007672500610351562e+01
2.831687927246093750e+01
3.323784637451171875e+01
3.907523345947265625e+01
4.468923568725585938e+01
4.755806732177734375e+01
5.367216873168945312e+01
5.048662948608398438e+01
4.680064392089843750e+01
3.874962234497070312e+01
3.486592864990234375e+01
2.846221542358398438e+01
1.910809898376464844e+01
9.898598670959472656e+00
8.607717514038085938e+00
1.388671207427978516e+01
1.647187995910644531e+01
1.773776626586914062e+01
1.608730697631835938e+01
1.649317932128906250e+01
