2.002927064895629883e+00
1.751212120056152344e+00
4.178357720375061035e-01
-2.272193908691406250e+00
-3.375803709030151367e+00
3.863951206207275391e+00
-4.414555549621582031e+00
-1.014642715454101562e+00
1.158111763000488281e+01
1.360618972778320312e+01
1.994018936157226562e+01
3.025476455688476562e+01
3.131569290161132812e+01
3.461077117919921875e+01
3.893065643310546875e+01
3.890307998657226562e+01
4.047363281250000000e+01
4.672109603881835938e+01
4.854834365844726562e+01
4.838425827026367188e+01
4.881023406982421875e+01
4.635955429077148438e+01
3.470202636718750000e+01
3.201302337646484375e+01
3.031113243103027344e+01
5.005058288574218750e+01
5.571331787109375000e+01
5.646362686157226562e+01
7.019812774658203125e+01
6.486203765869140625e+01
6.640209197998046875e+01
7.729541015625000000e+01
8.296685028076171875e+01
7.328211212158203125e+01
7.169795227050781250e+01
6.696867370605468750e+01
6.396243286132812500e+01
5.914850234985351562e+01
6.162647628784179688e+01
6.647913360595703125e+01
7.412468719482421875e+01
7.611737060546875000e+01
8.622141265869140625e+01
9.441952514648437500e+01
8.749799346923828125e+01
8.554447174072265625e+01
8.859295654296875000e+01
8.678031921386718750e+01
6.541017150878906250e+01
6.056701660156250000e+01
5.223979187011718750e+01
4.933369827270507812e+01
5.646235656738281250e+01
5.362399673461914062e+01
4.661605453491210938e+01
3.718420791625976562e+01
1.909146881103515625e+01
5.544324874877929688e+00
8.864017128944396973e-01
3.927340984344482422e+00
4.105668544769287109e+00
5.720858573913574219e+00
1.074187183380126953e+01
1.870209693908691406e+01
2.176676559448242188e+01
2.780804634094238281e+01
3.153289794921875000e+01
3.103895187377929688e+01
3.237445831298828125e+01
2.774781036376953125e+01
2.404055976867675781e+01
2.662122535705566406e+01
2.580973052978515625e+01
2.131281661987304688e+01
1.988480186462402344e+01
1.765357017517089844e+01
1.824388504028320312e+01
1.618225097656250000e+01
1.579744434356689453e+01
1.328332901000976562e+01
1.629072761535644531e+01
2.208169364929199219e+01
2.506145668029785156e+01
2.045983505249023438e+01
2.325442695617675781e+01
1.857148742675781250e+01
1.388965988159179688e+01
9.202552795410156250e+00
5.996923923492431641e+00
7.200916767120361328e+00
6.781823158264160156e+00
3.485167503356933594e+00
8.589404106140136719e+00
7.829038619995117188e+00
4.914823055267333984e+00
6.637628555297851562e+00
1.781309962272644043e+00
8.846858024597167969e+00
3.896748125553131104e-01
3.563132286071777344e+00
3.081127882003784180e+00
4.701536655426025391e+00
1.285490417480468750e+01
1.897089195251464844e+01
1.609704017639160156e+01
1.960516929626464844e+01
2.887192726135253906e+01
3.445823669433593750e+01
3.623909378051757812e+01
4.705532073974609375e+01
4.852939987182617188e+01
5.039697647094726562e+01
4.871414184570312500e+01
4.686851119995117188e+01
4.816770172119140625e+01
4.917519760131835938e+01
4.370534133911132812e+01
4.427302932739257812e+01
4.415444564819335938e+01
5.942341995239257812e+01
5.515719985961914062e+01
6.333249282836914062e+01
6.556392669677734375e+01
6.658690643310546875e+01
7.775826263427734375e+01
7.511257171630859375e+01
7.837474060058593750e+01
7.122954559326171875e+01
6.602994537353515625e+01
6.229634094238281250e+01
5.827833175659179688e+01
5.259852981567382812e+01
6.034183120727539062e+01
6.406788635253906250e+01
7.531272888183593750e+01
8.295304870605468750e+01
9.156448364257812500e+01
8.883489227294921875e+01
8.573262786865234375e+01
8.562043762207031250e+01
9.558945465087890625e+01
8.695671844482421875e+01
6.662619018554687500e+01
6.049625778198242188e+01
5.647305297851562500e+01
6.958684539794921875e+01
5.852087783813476562e+01
6.378710174560546875e+01
5.254032516479492188e+01
2.861065292358398438e+01
1.425768184661865234e+01
8.453223228454589844e+00
3.675544261932373047e+00
5.284315586090087891e+00
1.023887920379638672e+01
1.598416423797607422e+01
2.184864425659179688e+01
2.444768142700195312e+01
1.841045379638671875e+01
2.504543685913085938e+01
2.497531509399414062e+01
3.414788818359375000e+01
3.673765563964843750e+01
4.026087951660156250e+01
3.953155899047851562e+01
3.547521591186523438e+01
3.357701110839843750e+01
2.692629241943359375e+01
2.343672370910644531e+01
2.247897720336914062e+01
2.415719223022460938e+01
1.890957450866699219e+01
1.565872764587402344e+01
1.789374351501464844e+01
2.356659317016601562e+01
2.408516502380371094e+01
2.550605964660644531e+01
2.193883895874023438e+01
2.496063804626464844e+01
1.969528198242187500e+01
1.797924041748046875e+01
9.649939537048339844e+00
7.885017395019531250e+00
6.745428562164306641e+00
6.171740055084228516e+00
8.919498443603515625e+00
4.607429504394531250e+00
5.457776069641113281e+00
5.962481975555419922e+00
4.220344543457031250e+00
8.050397872924804688e+00
1.693486094474792480e+00
-1.833995133638381958e-01
8.406262397766113281e+00
3.848856925964355469e+00
5.553217411041259766e+00
7.673763751983642578e+00
1.277490329742431641e+01
1.511639690399169922e+01
1.891161155700683594e+01
2.728302764892578125e+01
3.442794799804687500e+01
4.331090927124023438e+01
3.915606307983398438e+01
4.658422851562500000e+01
5.100276565551757812e+01
5.216816711425781250e+01
4.779911422729492188e+01
4.549981307983398438e+01
4.172430801391601562e+01
3.645647048950195312e+01
3.438533782958984375e+01
3.370957946777343750e+01
5.661256790161132812e+01
6.006851577758789062e+01
6.119408416748046875e+01
6.457744598388671875e+01
6.193951797485351562e+01
7.209187316894531250e+01
7.722486877441406250e+01
8.285980224609375000e+01
7.746362304687500000e+01
7.446348571777343750e+01
6.688986206054687500e+01
6.096518325805664062e+01
5.427902603149414062e+01
5.292152023315429688e+01
6.159035110473632812e+01
6.454774475097656250e+01
7.224578094482421875e+01
8.492198944091796875e+01
8.828691101074218750e+01
8.572801971435546875e+01
8.937195587158203125e+01
9.235788726806640625e+01
9.022607421875000000e+01
7.309574890136718750e+01
6.426027679443359375e+01
5.543181228637695312e+01
5.949825668334960938e+01
6.736873626708984375e+01
6.785350799560546875e+01
6.142893218994140625e+01
3.993592071533203125e+01
1.920985221862792969e+01
3.398821592330932617e+00
1.156564831733703613e+00
1.396631836891174316e+00
1.027977824211120605e+00
5.822718620300292969e+00
1.049442577362060547e+01
1.877850151062011719e+01
1.917933464050292969e+01
2.304755401611328125e+01
2.811520195007324219e+01
3.526340484619140625e+01
3.646615600585937500e+01
3.120820999145507812e+01
3.340820693969726562e+01
3.466197967529296875e+01
3.644534301757812500e+01
3.728415298461914062e+01
3.397691345214843750e+01
2.614635848999023438e+01
2.953073692321777344e+01
2.571923065185546875e+01
2.079466056823730469e+01
1.610596275329589844e+01
1.076954460144042969e+01
1.258165454864501953e+01
1.229288101196289062e+01
1.434205055236816406e+01
1.134200382232666016e+01
1.084941291809082031e+01
1.260432052612304688e+01
1.222354316711425781e+01
1.060738468170166016e+01
6.886837482452392578e+00
4.519218444824218750e+00
9.222012758255004883e-01
4.971890926361083984e+00
2.654191255569458008e+00
6.861914157867431641e+00
5.874251365661621094e+00
1.953460723161697388e-01
1.126019716262817383e+00
-4.438057839870452881e-01
4.246928095817565918e-01
-2.105309486389160156e+00
-3.259908199310302734e+00
-3.509773015975952148e+00
-3.181102037429809570e+00
5.398646354675292969e+00
1.786889266967773438e+01
1.219294357299804688e+01
2.275751304626464844e+01
2.238036918640136719e+01
2.981441879272460938e+01
3.774112701416015625e+01
4.647201156616210938e+01
5.762319946289062500e+01
5.768378829956054688e+01
6.463179779052734375e+01
4.878230285644531250e+01
5.630669403076171875e+01
4.680958175659179688e+01
4.277076339721679688e+01
3.829120254516601562e+01
4.071153259277343750e+01
5.972874832153320312e+01
5.142517852783203125e+01
5.927656936645507812e+01
6.698539733886718750e+01
6.949797058105468750e+01
7.115908050537109375e+01
7.496633911132812500e+01
7.906110382080078125e+01
6.569022369384765625e+01
7.565883636474609375e+01
5.789090728759765625e+01
5.598427963256835938e+01
5.332214736938476562e+01
6.010944747924804688e+01
6.511332702636718750e+01
7.022117614746093750e+01
8.039375305175781250e+01
8.366184234619140625e+01
8.701476287841796875e+01
7.712204742431640625e+01
8.492607116699218750e+01
9.418776702880859375e+01
8.674880981445312500e+01
6.631859588623046875e+01
5.764387512207031250e+01
6.347742080688476562e+01
5.556874847412109375e+01
6.330742645263671875e+01
5.603242111206054688e+01
5.621604919433593750e+01
3.530000686645507812e+01
1.201676845550537109e+01
1.453022837638854980e+00
1.178186774253845215e+00
-3.255392313003540039e+00
1.259380340576171875e+00
6.190808296203613281e+00
1.591582489013671875e+01
2.526698875427246094e+01
2.685227775573730469e+01
2.233562088012695312e+01
2.381064224243164062e+01
2.672480773925781250e+01
2.756563758850097656e+01
2.846626091003417969e+01
2.989239120483398438e+01
2.879577445983886719e+01
2.797275543212890625e+01
2.461039161682128906e+01
2.132345962524414062e+01
1.919714927673339844e+01
1.784779739379882812e+01
2.423308753967285156e+01
2.341469192504882812e+01
1.728373908996582031e+01
2.440703392028808594e+01
2.539445495605468750e+01
2.079720878601074219e+01
1.971564292907714844e+01
1.527912139892578125e+01
1.658439445495605469e+01
1.595468997955322266e+01
1.648077583312988281e+01
9.845684051513671875e+00
1.183556842803955078e+01
4.074255466461181641e+00
4.429350376129150391e+00
3.951133012771606445e+00
7.411959171295166016e+00
1.829290762543678284e-02
-2.277783751487731934e-01
-3.282518625259399414e+00
-3.887473821640014648e+00
-7.694437026977539062e+00
-9.550080299377441406e+00
-5.821009159088134766e+00
-7.758868694305419922e+00
-7.148984432220458984e+00
-2.395538091659545898e+00
9.150910377502441406e+00
1.757302284240722656e+01
1.637281990051269531e+01
2.802599906921386719e+01
3.500376510620117188e+01
3.918832015991210938e+01
4.472027206420898438e+01
5.226122283935546875e+01
5.304361343383789062e+01
5.741314315795898438e+01
5.884249877929687500e+01
4.819368743896484375e+01
4.029722976684570312e+01
3.090297889709472656e+01
3.050799369812011719e+01
3.631628417968750000e+01
4.519261169433593750e+01
6.163810729980468750e+01
5.916846847534179688e+01
6.111228561401367188e+01
6.495016479492187500e+01
7.459474945068359375e+01
7.896250915527343750e+01
7.972975158691406250e+01
7.457340240478515625e+01
6.997089385986328125e+01
6.963316345214843750e+01
6.139088821411132812e+01
5.592172241210937500e+01
5.923147583007812500e+01
6.168589782714843750e+01
6.803072357177734375e+01
7.507740783691406250e+01
8.077778625488281250e+01
8.667238616943359375e+01
8.255690765380859375e+01
8.106639862060546875e+01
8.432276916503906250e+01
8.749819183349609375e+01
7.577843475341796875e+01
6.448102569580078125e+01
6.070163345336914062e+01
5.491770935058593750e+01
6.799855041503906250e+01
6.338080978393554688e+01
5.728854370117187500e+01
4.090921401977539062e+01
2.417373085021972656e+01
8.480569839477539062e+00
4.262812614440917969e+00
1.177065491676330566e+00
1.461795687675476074e+00
3.700494050979614258e+00
7.574270725250244141e+00
1.422671318054199219e+01
1.812677001953125000e+01
2.195382881164550781e+01
2.260295486450195312e+01
2.792368507385253906e+01
3.165704345703125000e+01
3.327506637573242188e+01
3.430876159667968750e+01
3.768539047241210938e+01
3.832465744018554688e+01
3.874208068847656250e+01
3.717242813110351562e+01
3.354311752319335938e+01
2.569556427001953125e+01
2.701820755004882812e+01
1.854861831665039062e+01
1.501662826538085938e+01
1.655206298828125000e+01
1.936770820617675781e+01
1.527302169799804688e+01
1.560447216033935547e+01
1.144593620300292969e+01
1.289894962310791016e+01
1.215432834625244141e+01
1.033674049377441406e+01
3.191174030303955078e+00
3.082975387573242188e+00
1.082545280456542969e+00
2.387722969055175781e+00
2.025231361389160156e+00
2.139238595962524414e+00
-1.631570577621459961e+00
-2.372038125991821289e+00
-1.644657850265502930e+00
-3.772878408432006836e+00
-9.121887207031250000e+00
-9.322602272033691406e+00
-4.811066150665283203e+00
-9.117657661437988281e+00
-3.758253097534179688e+00
2.981560230255126953e+00
2.333230972290039062e+01
2.080849075317382812e+01
2.422952651977539062e+01
2.789366722106933594e+01
3.350220108032226562e+01
3.770903778076171875e+01
4.378559112548828125e+01
4.866487121582031250e+01
5.328828430175781250e+01
5.976749420166015625e+01
5.985989379882812500e+01
5.538230895996093750e+01
4.681264114379882812e+01
4.686051177978515625e+01
4.571879196166992188e+01
3.912461090087890625e+01
5.115571212768554688e+01
5.582058715820312500e+01
5.733335876464843750e+01
5.500526809692382812e+01
6.162580490112304688e+01
6.598495483398437500e+01
6.876708221435546875e+01
7.747441864013671875e+01
7.221619415283203125e+01
6.574822998046875000e+01
6.640119171142578125e+01
6.037981414794921875e+01
5.622586059570312500e+01
6.381718444824218750e+01
6.778771209716796875e+01
6.930853271484375000e+01
7.833266448974609375e+01
8.053149414062500000e+01
8.628620147705078125e+01
8.629529571533203125e+01
8.530805206298828125e+01
8.640953063964843750e+01
9.548094940185546875e+01
7.034716796875000000e+01
5.960480880737304688e+01
5.107259368896484375e+01
4.879956436157226562e+01
5.051728820800781250e+01
5.506691360473632812e+01
4.808337020874023438e+01
4.242057037353515625e+01
2.564928627014160156e+01
9.159149169921875000e+00
-2.978868037462234497e-02
-1.937698483467102051e+00
-1.089256405830383301e+00
3.437544584274291992e+00
9.289136886596679688e+00
1.466300582885742188e+01
2.062305068969726562e+01
2.063618659973144531e+01
2.201222038269042969e+01
2.077014541625976562e+01
2.161034393310546875e+01
2.846301460266113281e+01
2.852642250061035156e+01
3.642900085449218750e+01
3.335012054443359375e+01
3.000826263427734375e+01
2.696393394470214844e+01
2.631980133056640625e+01
1.985451316833496094e+01
1.769015884399414062e+01
1.382593441009521484e+01
1.803574752807617188e+01
1.700619125366210938e+01
2.060686111450195312e+01
2.578948593139648438e+01
2.111916923522949219e+01
1.787720680236816406e+01
1.609210586547851562e+01
1.019106960296630859e+01
8.954401016235351562e+00
4.712278842926025391e+00
3.539189577102661133e+00
7.057339668273925781e+00
6.254925251007080078e+00
7.153336524963378906e+00
3.111589193344116211e+00
-1.807814717292785645e+00
-3.556507825851440430e+00
4.144571125507354736e-01
-4.056763172149658203e+00
-4.335462093353271484e+00
2.713047027587890625e+00
-5.292538404464721680e-01
-3.268833756446838379e-01
1.136367559432983398e+00
1.478478336334228516e+01
1.944159317016601562e+01
2.617885398864746094e+01
3.033360862731933594e+01
3.450829315185546875e+01
3.921088409423828125e+01
4.437166213989257812e+01
5.193443298339843750e+01
4.675230026245117188e+01
5.294128417968750000e+01
5.535963821411132812e+01
4.983927917480468750e+01
4.484445190429687500e+01
4.289939880371093750e+01
4.685336303710937500e+01
3.422882461547851562e+01
4.501021957397460938e+01
5.707726669311523438e+01
5.572892761230468750e+01
6.116447448730468750e+01
6.135879898071289062e+01
7.159313201904296875e+01
6.934862518310546875e+01
7.953512573242187500e+01
7.354998779296875000e+01
7.111362457275390625e+01
6.237260437011718750e+01
5.859172058105468750e+01
5.169373703002929688e+01
5.546608352661132812e+01
6.390087509155273438e+01
7.292678070068359375e+01
7.482350158691406250e+01
8.062307739257812500e+01
8.760166168212890625e+01
8.088407135009765625e+01
7.971237182617187500e+01
9.110649108886718750e+01
8.774628448486328125e+01
6.360197830200195312e+01
5.282844161987304688e+01
5.083085632324218750e+01
5.404463577270507812e+01
6.249063110351562500e+01
6.876255035400390625e+01
5.819403839111328125e+01
3.455730056762695312e+01
1.992826652526855469e+01
7.634755611419677734e+00
2.818659543991088867e+00
5.396597862243652344e+00
1.225297546386718750e+01
1.410376358032226562e+01
1.878723716735839844e+01
2.170653724670410156e+01
1.930281448364257812e+01
2.287126350402832031e+01
2.698001670837402344e+01
3.134994697570800781e+01
3.479131698608398438e+01
3.399475860595703125e+01
3.366812896728515625e+01
3.092131423950195312e+01
3.232003021240234375e+01
3.180842018127441406e+01
2.808438491821289062e+01
2.763071250915527344e+01
2.511590957641601562e+01
2.076194763183593750e+01
1.870384407043457031e+01
1.788760566711425781e+01
2.035969352722167969e+01
2.563646697998046875e+01
2.799840164184570312e+01
2.558381843566894531e+01
2.480588150024414062e+01
2.908039093017578125e+01
1.987421226501464844e+01
1.605005264282226562e+01
6.683314323425292969e+00
8.430596351623535156e+00
9.235486030578613281e+00
7.837564468383789062e+00
1.239930057525634766e+01
1.187109184265136719e+01
1.064854907989501953e+01
1.061750125885009766e+01
6.106788158416748047e+00
-6.181261539459228516e-01
-1.039353847503662109e+00
-6.329176902770996094e+00
6.676574349403381348e-01
-1.269807100296020508e+00
1.173769855499267578e+01
1.394562721252441406e+01
1.227596473693847656e+01
1.749785614013671875e+01
1.984274291992187500e+01
2.253763961791992188e+01
3.368696594238281250e+01
4.452397537231445312e+01
5.499311065673828125e+01
5.601095962524414062e+01
5.175957870483398438e+01
5.013841247558593750e+01
5.381264877319335938e+01
4.800648117065429688e+01
4.736960220336914062e+01
5.215240478515625000e+01
4.326940536499023438e+01
4.958497619628906250e+01
5.681456375122070312e+01
6.242089462280273438e+01
6.929535675048828125e+01
7.664485931396484375e+01
6.976702117919921875e+01
7.648199462890625000e+01
7.289007568359375000e+01
7.743710327148437500e+01
6.973071289062500000e+01
7.702903747558593750e+01
6.055580902099609375e+01
5.573814773559570312e+01
5.690546035766601562e+01
6.150070953369140625e+01
6.640406799316406250e+01
7.539138031005859375e+01
7.552877807617187500e+01
8.660977935791015625e+01
7.926867675781250000e+01
7.974196624755859375e+01
8.431461334228515625e+01
9.623413085937500000e+01
8.320272064208984375e+01
6.067271423339843750e+01
5.871984863281250000e+01
5.188781738281250000e+01
6.106570434570312500e+01
5.433557128906250000e+01
6.305801391601562500e+01
4.390246582031250000e+01
2.942709541320800781e+01
1.769833946228027344e+01
3.344087123870849609e+00
-1.347301125526428223e+00
-5.414958596229553223e-01
4.145546436309814453e+00
1.307171249389648438e+01
2.322044754028320312e+01
2.072821807861328125e+01
2.186743545532226562e+01
2.340736770629882812e+01
2.810396003723144531e+01
3.263681411743164062e+01
3.261408996582031250e+01
3.470436096191406250e+01
3.068993186950683594e+01
2.790464401245117188e+01
2.647788047790527344e+01
1.975838279724121094e+01
1.474790000915527344e+01
1.547198009490966797e+01
1.765686988830566406e+01
1.817210006713867188e+01
1.491701030731201172e+01
1.350313663482666016e+01
1.934564781188964844e+01
2.125523948669433594e+01
2.232908439636230469e+01
1.973042106628417969e+01
1.660295295715332031e+01
1.853684234619140625e+01
1.629533386230468750e+01
1.813848686218261719e+01
1.008565711975097656e+01
7.507955551147460938e+00
5.607439994812011719e+00
8.247472763061523438e+00
4.492627620697021484e+00
1.016770839691162109e+01
6.110757827758789062e+00
4.615738391876220703e+00
6.643170356750488281e+00
2.914689302444458008e+00
6.589494228363037109e+00
6.175032138824462891e+00
6.781878471374511719e+00
5.341856956481933594e+00
2.542835474014282227e+00
7.555144786834716797e+00
9.391766548156738281e+00
1.403385257720947266e+01
2.351126670837402344e+01
2.718326759338378906e+01
3.416768264770507812e+01
3.948364257812500000e+01
4.664326477050781250e+01
5.151046752929687500e+01
6.028329086303710938e+01
6.007009887695312500e+01
4.768376159667968750e+01
4.700402450561523438e+01
4.288388442993164062e+01
4.471377944946289062e+01
4.209067153930664062e+01
4.232362747192382812e+01
6.592984771728515625e+01
5.592488098144531250e+01
5.300596618652343750e+01
6.311693191528320312e+01
6.400643920898437500e+01
6.655952453613281250e+01
7.548723602294921875e+01
7.426323699951171875e+01
6.325879669189453125e+01
7.092896270751953125e+01
6.332627105712890625e+01
5.987346649169921875e+01
5.099505233764648438e+01
6.517563629150390625e+01
6.230041122436523438e+01
7.169453430175781250e+01
7.907467651367187500e+01
8.838304138183593750e+01
8.511154174804687500e+01
7.907608032226562500e+01
8.598736572265625000e+01
9.149179077148437500e+01
8.437232208251953125e+01
6.481870269775390625e+01
5.745066833496093750e+01
5.983394622802734375e+01
5.944414901733398438e+01
6.751524353027343750e+01
5.835285949707031250e+01
5.252070617675781250e+01
3.505716323852539062e+01
1.280056190490722656e+01
-5.558088421821594238e-01
-8.138459175825119019e-02
-1.581986069679260254e+00
7.279044628143310547e+00
1.412435913085937500e+01
2.315129661560058594e+01
2.217733383178710938e+01
2.263190269470214844e+01
2.531950187683105469e+01
2.393915176391601562e+01
2.689925193786621094e+01
2.201202201843261719e+01
2.575285339355468750e+01
3.054741096496582031e+01
2.813476943969726562e+01
2.577376365661621094e+01
2.320122146606445312e+01
2.169863700866699219e+01
1.463079643249511719e+01
1.415172386169433594e+01
2.069314002990722656e+01
2.303952598571777344e+01
1.913784790039062500e+01
2.018405532836914062e+01
2.365079116821289062e+01
1.979391098022460938e+01
1.920331001281738281e+01
1.599867343902587891e+01
1.869843482971191406e+01
1.814682769775390625e+01
1.486400318145751953e+01
8.677361488342285156e+00
7.318390846252441406e+00
4.782185554504394531e+00
6.354793548583984375e+00
2.077235698699951172e+00
8.158128738403320312e+00
1.570915937423706055e+00
-9.193952083587646484e-01
-6.661410808563232422e+00
-2.344887495040893555e+00
-2.377444267272949219e+00
-6.208636760711669922e+00
-2.261829376220703125e+00
-1.464633345603942871e+00
-3.197970628738403320e+00
5.001646041870117188e+00
1.254650306701660156e+01
1.979525756835937500e+01
2.174174308776855469e+01
2.724711608886718750e+01
3.449362564086914062e+01
3.722726440429687500e+01
4.061202621459960938e+01
5.125923919677734375e+01
5.372530746459960938e+01
5.929187011718750000e+01
5.232711791992187500e+01
4.627155685424804688e+01
3.507314682006835938e+01
3.381048202514648438e+01
2.936064338684082031e+01
3.931873703002929688e+01
4.707403945922851562e+01
5.573794555664062500e+01
5.960386657714843750e+01
5.824748611450195312e+01
6.963202667236328125e+01
6.997297668457031250e+01
7.710932922363281250e+01
7.336989593505859375e+01
7.294934082031250000e+01
7.044320678710937500e+01
6.630899047851562500e+01
6.397063064575195312e+01
5.543924331665039062e+01
6.189018249511718750e+01
6.234041595458984375e+01
6.872341918945312500e+01
7.675900268554687500e+01
7.685330963134765625e+01
8.072319030761718750e+01
7.645652008056640625e+01
7.786387634277343750e+01
8.685657501220703125e+01
8.717516326904296875e+01
7.100788879394531250e+01
6.254930877685546875e+01
5.448588562011718750e+01
5.195643234252929688e+01
6.492283630371093750e+01
5.658543777465820312e+01
5.561279296875000000e+01
4.828477478027343750e+01
2.609975814819335938e+01
8.468142509460449219e+00
2.907247543334960938e+00
1.025768160820007324e+00
1.385094046592712402e+00
3.501582145690917969e+00
1.029170894622802734e+01
2.045878219604492188e+01
2.421618843078613281e+01
2.698598098754882812e+01
2.665024185180664062e+01
2.737092018127441406e+01
2.872028350830078125e+01
2.879890823364257812e+01
2.874054145812988281e+01
3.734410858154296875e+01
3.728182601928710938e+01
3.127202415466308594e+01
3.589523315429687500e+01
2.526187515258789062e+01
2.309948539733886719e+01
2.019063949584960938e+01
1.589809894561767578e+01
1.546216201782226562e+01
1.180646991729736328e+01
1.925396156311035156e+01
1.910647964477539062e+01
1.655483436584472656e+01
1.240373706817626953e+01
1.121338748931884766e+01
1.336509609222412109e+01
1.364701080322265625e+01
1.251235771179199219e+01
7.538539409637451172e+00
4.559092521667480469e+00
6.469460725784301758e-01
3.001413345336914062e+00
-8.384192585945129395e-01
1.087058559060096741e-01
2.756236791610717773e+00
-3.112513303756713867e+00
-4.550187289714813232e-01
-3.436883687973022461e+00
3.604652881622314453e-01
-1.761044740676879883e+00
-2.913223981857299805e+00
-6.755979537963867188e+00
-7.324124813079833984e+00
-6.277506947517395020e-01
1.095213127136230469e+01
1.976352882385253906e+01
2.975101280212402344e+01
3.221601104736328125e+01
4.104310226440429688e+01
4.364048004150390625e+01
4.864682769775390625e+01
5.429864883422851562e+01
5.580150222778320312e+01
6.507223510742187500e+01
5.943257141113281250e+01
5.395699310302734375e+01
5.345545196533203125e+01
4.742695999145507812e+01
4.704919433593750000e+01
4.740193557739257812e+01
6.297636032104492188e+01
6.110945129394531250e+01
6.189574050903320312e+01
6.393609619140625000e+01
6.786795043945312500e+01
7.244859313964843750e+01
7.548857116699218750e+01
7.530160522460937500e+01
6.929364776611328125e+01
7.325390625000000000e+01
6.043777465820312500e+01
6.039826965332031250e+01
5.744409179687500000e+01
6.410004425048828125e+01
6.948847198486328125e+01
7.341746520996093750e+01
8.017073822021484375e+01
9.057632446289062500e+01
9.122940826416015625e+01
8.163108825683593750e+01
8.617900085449218750e+01
9.156063842773437500e+01
8.699860382080078125e+01
6.870436096191406250e+01
6.079211425781250000e+01
5.104456329345703125e+01
