-1.588774871826171875e+02
-1.602186431884765625e+02
-1.606426696777343750e+02
-1.617327117919921875e+02
-1.607592315673828125e+02
-1.634021759033203125e+02
-1.611933746337890625e+02
-1.562530364990234375e+02
-1.513076324462890625e+02
-1.501491546630859375e+02
-1.495764923095703125e+02
-1.506504821777343750e+02
-1.476106567382812500e+02
-1.472621002197265625e+02
-1.494312286376953125e+02
-1.448847808837890625e+02
-1.431996459960937500e+02
-1.479439544677734375e+02
-1.519781646728515625e+02
-1.525128479003906250e+02
-1.551949462890625000e+02
-1.549546966552734375e+02
-1.541832885742187500e+02
-1.536305541992187500e+02
-1.589702148437500000e+02
-1.570696411132812500e+02
-1.581440429687500000e+02
-1.598343048095703125e+02
-1.638198242187500000e+02
-1.625354919433593750e+02
-1.569139251708984375e+02
-1.518405151367187500e+02
-1.504759826660156250e+02
-1.477521820068359375e+02
-1.459822692871093750e+02
-1.472247314453125000e+02
-1.478795623779296875e+02
-1.491944885253906250e+02
-1.489597320556640625e+02
-1.450682067871093750e+02
-1.448194580078125000e+02
-1.481116638183593750e+02
-1.571763458251953125e+02
-1.620454406738281250e+02
-1.656433715820312500e+02
-1.635066375732421875e+02
-1.660846557617187500e+02
-1.650474243164062500e+02
-1.657636566162109375e+02
-1.644621734619140625e+02
-1.627352905273437500e+02
-1.601090087890625000e+02
-1.612003936767578125e+02
-1.552274780273437500e+02
-1.495706329345703125e+02
-1.462034454345703125e+02
-1.449582519531250000e+02
-1.469937591552734375e+02
-1.518388977050781250e+02
-1.531549682617187500e+02
-1.577503662109375000e+02
-1.553636474609375000e+02
-1.569511260986328125e+02
-1.607774810791015625e+02
-1.594225616455078125e+02
-1.643721618652343750e+02
-1.622789916992187500e+02
-1.611925964355468750e+02
-1.609236145019531250e+02
-1.558031311035156250e+02
-1.572220153808593750e+02
-1.519994354248046875e+02
-1.459147338867187500e+02
-1.401495208740234375e+02
-1.414251098632812500e+02
-1.367740478515625000e+02
-1.366983184814453125e+02
-1.398138122558593750e+02
-1.403861694335937500e+02
-1.346959228515625000e+02
-1.331908264160156250e+02
-1.252221069335937500e+02
-1.227387771606445312e+02
-1.230030899047851562e+02
-1.256398162841796875e+02
-1.296911773681640625e+02
-1.256484603881835938e+02
-1.190808563232421875e+02
-1.229514236450195312e+02
-1.287460937500000000e+02
-1.389518127441406250e+02
-1.486398010253906250e+02
-1.555175018310546875e+02
-1.579134826660156250e+02
-1.619035644531250000e+02
-1.599973907470703125e+02
-1.571936187744140625e+02
-1.568000793457031250e+02
-1.569920043945312500e+02
-1.623092346191406250e+02
-1.608172302246093750e+02
-1.557612152099609375e+02
-1.478083801269531250e+02
-1.480434570312500000e+02
-1.460995330810546875e+02
-1.471201477050781250e+02
-1.496174468994140625e+02
-1.497001800537109375e+02
-1.492992095947265625e+02
-1.506174163818359375e+02
-1.503260040283203125e+02
-1.513858795166015625e+02
-1.521054992675781250e+02
-1.527494354248046875e+02
-1.580342254638671875e+02
-1.577078094482421875e+02
-1.575785369873046875e+02
-1.552303466796875000e+02
-1.587844696044921875e+02
-1.576868438720703125e+02
-1.590007781982421875e+02
-1.618674316406250000e+02
-1.629441528320312500e+02
-1.623271331787109375e+02
-1.582710723876953125e+02
-1.554282226562500000e+02
-1.507475738525390625e+02
-1.479244079589843750e+02
-1.422480316162109375e+02
-1.447675933837890625e+02
-1.481803283691406250e+02
-1.500609283447265625e+02
-1.489949188232421875e+02
-1.507804870605468750e+02
-1.485026550292968750e+02
-1.547641754150390625e+02
-1.566571655273437500e+02
-1.600337524414062500e+02
-1.645871124267578125e+02
-1.647062225341796875e+02
-1.655256652832031250e+02
-1.643567199707031250e+02
-1.669891204833984375e+02
-1.641374664306640625e+02
-1.605638732910156250e+02
-1.576793670654296875e+02
-1.555666046142578125e+02
-1.526935119628906250e+02
-1.465851440429687500e+02
-1.495246887207031250e+02
-1.463124084472656250e+02
-1.467721252441406250e+02
-1.494069671630859375e+02
-1.523414916992187500e+02
-1.557988433837890625e+02
-1.573032836914062500e+02
-1.573025360107421875e+02
-1.606118774414062500e+02
-1.621626739501953125e+02
-1.618253173828125000e+02
-1.620178222656250000e+02
-1.612465820312500000e+02
-1.571399383544921875e+02
-1.539817657470703125e+02
-1.555040588378906250e+02
-1.471342773437500000e+02
-1.432761993408203125e+02
-1.413967285156250000e+02
-1.375738525390625000e+02
-1.379586791992187500e+02
-1.379218597412109375e+02
-1.423540191650390625e+02
-1.375540618896484375e+02
-1.347295837402343750e+02
-1.277336807250976562e+02
-1.247051162719726562e+02
-1.236910095214843750e+02
-1.231416168212890625e+02
-1.261151657104492188e+02
-1.260928344726562500e+02
-1.245585861206054688e+02
-1.213794555664062500e+02
-1.242435226440429688e+02
-1.321919860839843750e+02
-1.431663055419921875e+02
-1.528327178955078125e+02
-1.576305236816406250e+02
-1.602653045654296875e+02
-1.670966796875000000e+02
-1.628842315673828125e+02
-1.612775573730468750e+02
-1.580010528564453125e+02
-1.589094085693359375e+02
-1.574880218505859375e+02
-1.563604888916015625e+02
-1.531627807617187500e+02
-1.522739105224609375e+02
-1.504696807861328125e+02
-1.464603729248046875e+02
-1.445825042724609375e+02
-1.455530242919921875e+02
-1.436517333984375000e+02
-1.447084655761718750e+02
-1.452710418701171875e+02
-1.467183990478515625e+02
-1.498929138183593750e+02
-1.514693145751953125e+02
-1.514224090576171875e+02
-1.509728851318359375e+02
-1.527635803222656250e+02
-1.547667388916015625e+02
-1.581862487792968750e+02
-1.579211578369140625e+02
-1.560445556640625000e+02
-1.596445007324218750e+02
-1.593822174072265625e+02
-1.609941253662109375e+02
-1.610811309814453125e+02
-1.585918273925781250e+02
-1.536146240234375000e+02
-1.511327362060546875e+02
-1.481518554687500000e+02
-1.417973175048828125e+02
-1.417232818603515625e+02
-1.463312225341796875e+02
-1.465275726318359375e+02
-1.470263671875000000e+02
-1.455383911132812500e+02
-1.461488952636718750e+02
-1.498335571289062500e+02
-1.575463714599609375e+02
-1.642307739257812500e+02
-1.649312896728515625e+02
-1.665795593261718750e+02
-1.680113220214843750e+02
-1.684197540283203125e+02
-1.685538177490234375e+02
-1.678367156982421875e+02
-1.661720428466796875e+02
-1.600507659912109375e+02
-1.564664611816406250e+02
-1.512022857666015625e+02
-1.485216522216796875e+02
-1.470072631835937500e+02
-1.435447387695312500e+02
-1.452377319335937500e+02
-1.451900939941406250e+02
-1.476695251464843750e+02
-1.496979522705078125e+02
-1.550536499023437500e+02
-1.573192596435546875e+02
-1.574121246337890625e+02
-1.577740325927734375e+02
-1.630739898681640625e+02
-1.618637390136718750e+02
-1.603351440429687500e+02
-1.578318786621093750e+02
-1.571320953369140625e+02
-1.545855255126953125e+02
-1.524085693359375000e+02
-1.495126342773437500e+02
-1.419583740234375000e+02
-1.395097198486328125e+02
-1.369912414550781250e+02
-1.364744720458984375e+02
-1.393347778320312500e+02
-1.385921936035156250e+02
-1.357480621337890625e+02
-1.330442810058593750e+02
-1.305334320068359375e+02
-1.226355285644531250e+02
-1.239317626953125000e+02
-1.228645477294921875e+02
-1.242750320434570312e+02
-1.237759399414062500e+02
-1.210356216430664062e+02
-1.227352600097656250e+02
-1.269879989624023438e+02
-1.335615081787109375e+02
-1.415907745361328125e+02
-1.497836914062500000e+02
-1.556271972656250000e+02
-1.559169769287109375e+02
-1.569537200927734375e+02
-1.605656890869140625e+02
-1.612912445068359375e+02
-1.597075958251953125e+02
-1.600117034912109375e+02
-1.610321960449218750e+02
-1.616265106201171875e+02
-1.606134796142578125e+02
-1.575570526123046875e+02
-1.553849029541015625e+02
-1.549317016601562500e+02
-1.524751892089843750e+02
-1.512276611328125000e+02
-1.456590118408203125e+02
-1.450136413574218750e+02
-1.428712463378906250e+02
-1.428202209472656250e+02
-1.453744659423828125e+02
-1.460247802734375000e+02
-1.477102203369140625e+02
-1.514006500244140625e+02
-1.516587066650390625e+02
-1.540716400146484375e+02
-1.577190704345703125e+02
-1.568406829833984375e+02
-1.594220581054687500e+02
-1.617620697021484375e+02
-1.616452636718750000e+02
-1.608528137207031250e+02
-1.624427185058593750e+02
-1.573415222167968750e+02
-1.537056427001953125e+02
-1.528338470458984375e+02
-1.466434173583984375e+02
-1.441491851806640625e+02
-1.387165832519531250e+02
-1.379925689697265625e+02
-1.420547485351562500e+02
-1.450526580810546875e+02
-1.464096374511718750e+02
-1.503327789306640625e+02
-1.493070526123046875e+02
-1.546084899902343750e+02
-1.598773803710937500e+02
-1.645858459472656250e+02
-1.700489654541015625e+02
-1.699264678955078125e+02
-1.720854492187500000e+02
-1.718063354492187500e+02
-1.708132629394531250e+02
-1.634436492919921875e+02
-1.612776794433593750e+02
-1.562167968750000000e+02
-1.482174072265625000e+02
-1.446554107666015625e+02
-1.421759033203125000e+02
-1.414054107666015625e+02
-1.434715881347656250e+02
-1.460682983398437500e+02
-1.515258483886718750e+02
-1.523081970214843750e+02
-1.566034851074218750e+02
-1.570146636962890625e+02
-1.610084228515625000e+02
-1.646955718994140625e+02
-1.679375915527343750e+02
-1.695006713867187500e+02
-1.683952941894531250e+02
-1.640316772460937500e+02
-1.588621215820312500e+02
-1.582053070068359375e+02
-1.531203918457031250e+02
-1.468869934082031250e+02
-1.393225250244140625e+02
-1.384147949218750000e+02
-1.310409545898437500e+02
-1.319497833251953125e+02
-1.357480163574218750e+02
-1.363477783203125000e+02
-1.343457183837890625e+02
-1.320331420898437500e+02
-1.267433929443359375e+02
-1.202489929199218750e+02
-1.189733200073242188e+02
-1.263453598022460938e+02
-1.265559997558593750e+02
-1.237388381958007812e+02
-1.213427124023437500e+02
-1.227003631591796875e+02
-1.277814483642578125e+02
-1.310623321533203125e+02
-1.414983978271484375e+02
-1.486326904296875000e+02
-1.541719818115234375e+02
-1.557374114990234375e+02
-1.585961151123046875e+02
-1.595346679687500000e+02
-1.594875640869140625e+02
-1.569763336181640625e+02
-1.572090301513671875e+02
-1.582767333984375000e+02
-1.560561981201171875e+02
-1.539428405761718750e+02
-1.518050231933593750e+02
-1.514447021484375000e+02
-1.526358947753906250e+02
-1.543093872070312500e+02
-1.532060394287109375e+02
-1.512057800292968750e+02
-1.500688018798828125e+02
-1.459172363281250000e+02
-1.468207855224609375e+02
-1.497389831542968750e+02
-1.537151184082031250e+02
-1.523013153076171875e+02
-1.573554229736328125e+02
-1.571485748291015625e+02
-1.538328857421875000e+02
-1.572326812744140625e+02
-1.568957366943359375e+02
-1.593132019042968750e+02
-1.594760742187500000e+02
-1.602400970458984375e+02
-1.612240142822265625e+02
-1.581548767089843750e+02
-1.545274200439453125e+02
-1.541633758544921875e+02
-1.482329711914062500e+02
-1.468905181884765625e+02
-1.464757690429687500e+02
-1.478477935791015625e+02
-1.502378845214843750e+02
-1.521356658935546875e+02
-1.492510681152343750e+02
-1.518614654541015625e+02
-1.500496368408203125e+02
-1.486077880859375000e+02
-1.519073791503906250e+02
-1.572017822265625000e+02
-1.597979278564453125e+02
-1.601653442382812500e+02
-1.646997375488281250e+02
-1.623812408447265625e+02
-1.605898590087890625e+02
-1.612415313720703125e+02
-1.578345947265625000e+02
-1.570643310546875000e+02
-1.533696899414062500e+02
-1.517439117431640625e+02
-1.445721282958984375e+02
-1.460532531738281250e+02
-1.465926055908203125e+02
-1.490494079589843750e+02
-1.521820220947265625e+02
-1.532741241455078125e+02
-1.546725769042968750e+02
-1.562107391357421875e+02
-1.583409576416015625e+02
-1.578049316406250000e+02
-1.628525543212890625e+02
-1.611518402099609375e+02
-1.622897186279296875e+02
-1.611713409423828125e+02
-1.574628295898437500e+02
-1.564241333007812500e+02
-1.500214996337890625e+02
-1.444801940917968750e+02
-1.395708618164062500e+02
-1.402656402587890625e+02
-1.374751739501953125e+02
-1.350029602050781250e+02
-1.397786560058593750e+02
-1.392401733398437500e+02
-1.325744781494140625e+02
-1.330992736816406250e+02
-1.241679229736328125e+02
-1.215183029174804688e+02
-1.202742385864257812e+02
-1.265816955566406250e+02
-1.302316284179687500e+02
-1.244175949096679688e+02
-1.212273101806640625e+02
-1.227324600219726562e+02
-1.280946807861328125e+02
-1.378663024902343750e+02
-1.504919586181640625e+02
-1.580762634277343750e+02
-1.575182342529296875e+02
-1.589994506835937500e+02
-1.580895538330078125e+02
-1.545047760009765625e+02
-1.540310668945312500e+02
-1.557896575927734375e+02
-1.599429473876953125e+02
-1.557319183349609375e+02
-1.522500305175781250e+02
-1.509404144287109375e+02
-1.449958801269531250e+02
-1.466663665771484375e+02
-1.463202514648437500e+02
-1.464397430419921875e+02
-1.498847198486328125e+02
-1.512425231933593750e+02
-1.506213378906250000e+02
-1.490553894042968750e+02
-1.496826629638671875e+02
-1.500284118652343750e+02
-1.504423370361328125e+02
-1.549669189453125000e+02
-1.584355316162109375e+02
-1.550022430419921875e+02
-1.537046966552734375e+02
-1.533013916015625000e+02
-1.573809814453125000e+02
-1.604846343994140625e+02
-1.611391754150390625e+02
-1.628509216308593750e+02
-1.607451324462890625e+02
-1.615709991455078125e+02
-1.558492431640625000e+02
-1.515229492187500000e+02
-1.468413085937500000e+02
-1.439393005371093750e+02
-1.442110443115234375e+02
-1.467944946289062500e+02
-1.480499877929687500e+02
-1.487552032470703125e+02
-1.457568969726562500e+02
-1.481198730468750000e+02
-1.511480102539062500e+02
-1.571813507080078125e+02
-1.598942260742187500e+02
-1.613300781250000000e+02
-1.643806762695312500e+02
-1.638771057128906250e+02
-1.661770324707031250e+02
-1.674006500244140625e+02
-1.662426300048828125e+02
-1.620575866699218750e+02
-1.574907531738281250e+02
-1.560652923583984375e+02
-1.531619110107421875e+02
-1.477585601806640625e+02
-1.458186798095703125e+02
-1.446633300781250000e+02
-1.446773681640625000e+02
-1.466927185058593750e+02
-1.528531494140625000e+02
-1.556625518798828125e+02
-1.597667846679687500e+02
-1.573018646240234375e+02
-1.611818084716796875e+02
-1.620505218505859375e+02
-1.638609466552734375e+02
-1.633889617919921875e+02
-1.611080322265625000e+02
-1.575147857666015625e+02
-1.567945556640625000e+02
-1.539838714599609375e+02
-1.517995605468750000e+02
-1.470282135009765625e+02
-1.414518280029296875e+02
-1.384596710205078125e+02
-1.380874633789062500e+02
-1.395649719238281250e+02
-1.404512786865234375e+02
-1.369401397705078125e+02
-1.357377777099609375e+02
-1.312136230468750000e+02
-1.240335311889648438e+02
-1.241261215209960938e+02
-1.226664810180664062e+02
-1.244454879760742188e+02
-1.254910659790039062e+02
-1.228428421020507812e+02
-1.196050033569335938e+02
-1.238096237182617188e+02
-1.275037155151367188e+02
-1.369142303466796875e+02
-1.482169036865234375e+02
-1.563012084960937500e+02
-1.637734069824218750e+02
-1.658043212890625000e+02
-1.633630828857421875e+02
-1.619064331054687500e+02
-1.596185760498046875e+02
-1.595215759277343750e+02
-1.604945831298828125e+02
-1.574974517822265625e+02
-1.550129699707031250e+02
-1.533754577636718750e+02
-1.531352386474609375e+02
-1.500176544189453125e+02
-1.466605072021484375e+02
-1.428326416015625000e+02
-1.459485321044921875e+02
-1.468140258789062500e+02
-1.478277893066406250e+02
-1.493928833007812500e+02
-1.498298797607421875e+02
-1.530663757324218750e+02
-1.512331237792968750e+02
-1.530898895263671875e+02
-1.555081329345703125e+02
-1.576942443847656250e+02
-1.581206359863281250e+02
-1.555763397216796875e+02
-1.553471069335937500e+02
-1.570981903076171875e+02
-1.583210296630859375e+02
-1.601858978271484375e+02
-1.610315551757812500e+02
-1.580773468017578125e+02
-1.559917755126953125e+02
-1.523475341796875000e+02
-1.483290863037109375e+02
-1.424645080566406250e+02
-1.420382537841796875e+02
-1.438556976318359375e+02
-1.445162658691406250e+02
-1.462330932617187500e+02
-1.480855865478515625e+02
-1.482434082031250000e+02
-1.491062316894531250e+02
-1.535740356445312500e+02
-1.564895477294921875e+02
-1.621220703125000000e+02
-1.628222808837890625e+02
-1.658063507080078125e+02
-1.675948944091796875e+02
-1.695519104003906250e+02
-1.662115478515625000e+02
-1.647444610595703125e+02
-1.606364898681640625e+02
-1.556932678222656250e+02
-1.534821319580078125e+02
-1.488985900878906250e+02
-1.458715972900390625e+02
-1.470148162841796875e+02
-1.448390808105468750e+02
-1.452183227539062500e+02
-1.487075653076171875e+02
-1.507264099121093750e+02
-1.527544708251953125e+02
-1.537510223388671875e+02
-1.564171600341796875e+02
-1.626574096679687500e+02
-1.640270538330078125e+02
-1.607648315429687500e+02
-1.639506378173828125e+02
-1.614593353271484375e+02
-1.608069915771484375e+02
-1.574115447998046875e+02
-1.554282379150390625e+02
-1.486842956542968750e+02
-1.414836120605468750e+02
-1.389214935302734375e+02
-1.358825683593750000e+02
-1.376735687255859375e+02
-1.368949127197265625e+02
-1.417483673095703125e+02
-1.378848114013671875e+02
-1.346451263427734375e+02
-1.293921508789062500e+02
-1.233557891845703125e+02
-1.244542465209960938e+02
-1.240399780273437500e+02
-1.262652435302734375e+02
-1.251340408325195312e+02
-1.232282562255859375e+02
-1.216540298461914062e+02
-1.244456405639648438e+02
-1.300865478515625000e+02
-1.409990081787109375e+02
-1.488167419433593750e+02
-1.583566131591796875e+02
-1.611484222412109375e+02
-1.605770263671875000e+02
-1.597405548095703125e+02
-1.585694885253906250e+02
-1.579127807617187500e+02
-1.604137420654296875e+02
-1.614691162109375000e+02
-1.555766143798828125e+02
-1.513505249023437500e+02
-1.496876983642578125e+02
-1.510555114746093750e+02
-1.505673675537109375e+02
-1.492117156982421875e+02
-1.473814697265625000e+02
-1.452006378173828125e+02
-1.459432830810546875e+02
-1.462675323486328125e+02
-1.452973937988281250e+02
-1.475064544677734375e+02
-1.519912109375000000e+02
-1.528466796875000000e+02
-1.498545379638671875e+02
-1.533957672119140625e+02
-1.526434936523437500e+02
-1.521777954101562500e+02
-1.573034362792968750e+02
-1.560912170410156250e+02
-1.591547393798828125e+02
-1.625522003173828125e+02
-1.595212097167968750e+02
-1.617980957031250000e+02
-1.596165161132812500e+02
-1.590367736816406250e+02
-1.531060180664062500e+02
-1.505131530761718750e+02
-1.468280639648437500e+02
-1.422612609863281250e+02
-1.417293395996093750e+02
-1.420428771972656250e+02
-1.462901916503906250e+02
-1.478606262207031250e+02
-1.508135070800781250e+02
-1.513828430175781250e+02
-1.539482727050781250e+02
-1.564719390869140625e+02
-1.614404907226562500e+02
-1.665226440429687500e+02
-1.658488769531250000e+02
-1.635168151855468750e+02
-1.640301666259765625e+02
-1.661759185791015625e+02
-1.658787536621093750e+02
-1.614796905517578125e+02
-1.570792236328125000e+02
-1.552538146972656250e+02
-1.472897186279296875e+02
-1.423751525878906250e+02
-1.439066009521484375e+02
-1.443121948242187500e+02
-1.473108978271484375e+02
-1.454566192626953125e+02
-1.506300048828125000e+02
-1.550101165771484375e+02
-1.517327270507812500e+02
-1.543267669677734375e+02
-1.578271789550781250e+02
-1.620435485839843750e+02
-1.636144866943359375e+02
-1.606463012695312500e+02
-1.617899322509765625e+02
-1.577493743896484375e+02
-1.547037811279296875e+02
-1.542399902343750000e+02
-1.502132720947265625e+02
-1.477823791503906250e+02
-1.424611663818359375e+02
-1.378557128906250000e+02
-1.377674560546875000e+02
-1.375876312255859375e+02
-1.419220733642578125e+02
-1.373668670654296875e+02
-1.370919952392578125e+02
-1.316660308837890625e+02
-1.241587448120117188e+02
-1.237994766235351562e+02
-1.246388244628906250e+02
-1.276818466186523438e+02
-1.263141708374023438e+02
-1.230443267822265625e+02
-1.235812377929687500e+02
-1.283462371826171875e+02
-1.314612274169921875e+02
-1.386007537841796875e+02
-1.445445098876953125e+02
-1.528610839843750000e+02
-1.559074096679687500e+02
-1.581685943603515625e+02
-1.590097808837890625e+02
-1.595679626464843750e+02
-1.582136535644531250e+02
-1.582728881835937500e+02
-1.606625976562500000e+02
-1.570473785400390625e+02
-1.555686187744140625e+02
-1.546952056884765625e+02
-1.533664703369140625e+02
-1.532870483398437500e+02
-1.561151275634765625e+02
-1.556769561767578125e+02
-1.535783538818359375e+02
-1.499331817626953125e+02
-1.502471618652343750e+02
-1.491079406738281250e+02
-1.500122375488281250e+02
-1.558080444335937500e+02
-1.552335205078125000e+02
-1.553502044677734375e+02
-1.562974548339843750e+02
-1.546016693115234375e+02
-1.572434082031250000e+02
-1.583676147460937500e+02
-1.569832458496093750e+02
-1.596219024658203125e+02
-1.618101959228515625e+02
-1.619019927978515625e+02
-1.612167205810546875e+02
-1.573015747070312500e+02
-1.532235565185546875e+02
-1.486282196044921875e+02
-1.470213928222656250e+02
-1.457768859863281250e+02
-1.476762390136718750e+02
-1.458940734863281250e+02
-1.491811065673828125e+02
-1.503093872070312500e+02
-1.489349975585937500e+02
-1.480809020996093750e+02
-1.547922821044921875e+02
-1.610445098876953125e+02
-1.630664367675781250e+02
-1.647884063720703125e+02
-1.636531982421875000e+02
-1.663956756591796875e+02
-1.671168518066406250e+02
-1.659129333496093750e+02
-1.640363311767578125e+02
-1.637716064453125000e+02
-1.604576416015625000e+02
-1.530341339111328125e+02
-1.501464691162109375e+02
-1.477144775390625000e+02
-1.432181701660156250e+02
-1.447906646728515625e+02
-1.453089141845703125e+02
-1.493602294921875000e+02
-1.539715423583984375e+02
-1.537363433837890625e+02
-1.559194793701171875e+02
-1.580757446289062500e+02
-1.618317718505859375e+02
-1.603098297119140625e+02
-1.634701385498046875e+02
-1.588717041015625000e+02
-1.588880462646484375e+02
-1.567761230468750000e+02
-1.571655578613281250e+02
-1.496266632080078125e+02
-1.469494171142578125e+02
-1.442762756347656250e+02
-1.399550628662109375e+02
-1.369645080566406250e+02
-1.405706329345703125e+02
-1.395254669189453125e+02
-1.404799804687500000e+02
-1.389795532226562500e+02
-1.329559478759765625e+02
-1.268263397216796875e+02
-1.220230255126953125e+02
-1.207955322265625000e+02
-1.278693695068359375e+02
-1.289927978515625000e+02
-1.285175170898437500e+02
-1.228320159912109375e+02
-1.236242370605468750e+02
-1.286987457275390625e+02
-1.341786956787109375e+02
-1.434497680664062500e+02
-1.534471893310546875e+02
-1.573621215820312500e+02
-1.616067657470703125e+02
-1.627098083496093750e+02
-1.577212677001953125e+02
-1.568671569824218750e+02
-1.570122680664062500e+02
-1.626260986328125000e+02
-1.621895446777343750e+02
-1.572900390625000000e+02
-1.537241973876953125e+02
-1.533962707519531250e+02
-1.491880950927734375e+02
-1.475211486816406250e+02
-1.483232727050781250e+02
-1.500046234130859375e+02
-1.517779846191406250e+02
-1.520673675537109375e+02
-1.484671325683593750e+02
-1.501976623535156250e+02
-1.507046661376953125e+02
-1.518293762207031250e+02
-1.543580017089843750e+02
-1.577315826416015625e+02
-1.552342681884765625e+02
-1.550103149414062500e+02
-1.577492523193359375e+02
-1.568079986572265625e+02
-1.584988555908203125e+02
-1.647322387695312500e+02
-1.643919067382812500e+02
-1.652476654052734375e+02
-1.590107879638671875e+02
-1.545172882080078125e+02
-1.504490509033203125e+02
-1.441976776123046875e+02
-1.430644989013671875e+02
-1.450956115722656250e+02
-1.464550476074218750e+02
-1.485048065185546875e+02
-1.452087097167968750e+02
-1.458651733398437500e+02
-1.477492828369140625e+02
-1.532857666015625000e+02
-1.586043090820312500e+02
-1.638118896484375000e+02
-1.677819519042968750e+02
-1.673124694824218750e+02
-1.699771423339843750e+02
-1.687447662353515625e+02
-1.698393096923828125e+02
-1.648911590576171875e+02
-1.595205078125000000e+02
-1.563906860351562500e+02
-1.503297271728515625e+02
-1.497597808837890625e+02
-1.475238342285156250e+02
-1.454014129638671875e+02
-1.418660583496093750e+02
-1.423197784423828125e+02
-1.471287994384765625e+02
-1.481642150878906250e+02
-1.532220764160156250e+02
-1.564058532714843750e+02
-1.572179260253906250e+02
-1.604173431396484375e+02
-1.637172698974609375e+02
-1.650319061279296875e+02
-1.652872009277343750e+02
-1.643779907226562500e+02
-1.603571166992187500e+02
-1.565350494384765625e+02
-1.552862243652343750e+02
-1.510813293457031250e+02
-1.456526031494140625e+02
-1.407597961425781250e+02
-1.352774658203125000e+02
-1.381630554199218750e+02
-1.365492553710937500e+02
-1.408260650634765625e+02
-1.377926177978515625e+02
-1.378762969970703125e+02
-1.309684295654296875e+02
-1.216331329345703125e+02
-1.188464431762695312e+02
-1.207055892944335938e+02
-1.228434143066406250e+02
-1.255535354614257812e+02
-1.241640396118164062e+02
-1.205738525390625000e+02
-1.250440979003906250e+02
-1.279927368164062500e+02
-1.385562286376953125e+02
-1.489620666503906250e+02
-1.573611755371093750e+02
-1.597239990234375000e+02
-1.628468627929687500e+02
-1.662689666748046875e+02
-1.632819671630859375e+02
-1.587759246826171875e+02
-1.571821899414062500e+02
-1.610095672607421875e+02
-1.605857696533203125e+02
-1.562547760009765625e+02
-1.547042236328125000e+02
-1.528060913085937500e+02
-1.536129913330078125e+02
-1.470576019287109375e+02
-1.460474853515625000e+02
-1.479042510986328125e+02
-1.466852111816406250e+02
-1.454372253417968750e+02
-1.462185058593750000e+02
-1.476062469482421875e+02
-1.487510375976562500e+02
-1.512471771240234375e+02
-1.538584747314453125e+02
-1.541685485839843750e+02
-1.549013366699218750e+02
-1.538715362548828125e+02
-1.591488952636718750e+02
-1.597785339355468750e+02
-1.606686553955078125e+02
-1.610708007812500000e+02
-1.618388061523437500e+02
-1.602870483398437500e+02
-1.629276580810546875e+02
-1.596641998291015625e+02
-1.510733489990234375e+02
-1.513908691406250000e+02
-1.475028686523437500e+02
-1.442976837158203125e+02
-1.453550262451171875e+02
-1.479353485107421875e+02
-1.509156799316406250e+02
-1.476339416503906250e+02
-1.470671386718750000e+02
-1.470466308593750000e+02
-1.535079803466796875e+02
-1.597251892089843750e+02
-1.625103607177734375e+02
-1.643581085205078125e+02
-1.632406768798828125e+02
-1.647349395751953125e+02
-1.662240142822265625e+02
-1.695403137207031250e+02
-1.665485076904296875e+02
-1.620497283935546875e+02
-1.574544219970703125e+02
-1.538011627197265625e+02
-1.484768218994140625e+02
-1.478644104003906250e+02
-1.452640991210937500e+02
-1.450323638916015625e+02
