1.312061977386474609e+01
7.502821922302246094e+00
4.122483730316162109e+00
6.061021685600280762e-01
2.225426673889160156e+00
-1.721171259880065918e+00
-4.516192436218261719e+00
-9.625614166259765625e+00
-1.001687335968017578e+01
-5.655164718627929688e+00
-4.522984504699707031e+00
-7.919526576995849609e+00
-1.828296470642089844e+01
-2.489101982116699219e+01
-1.471697139739990234e+01
-1.544793510437011719e+01
-2.758728218078613281e+01
-2.746590614318847656e+01
-1.989866447448730469e+01
-1.720066452026367188e+01
-2.211622047424316406e+01
-2.175645256042480469e+01
-1.372610855102539062e+01
-1.620744514465332031e+01
-1.155109024047851562e+01
4.432004928588867188e+00
7.488765716552734375e+00
5.423389911651611328e+00
9.519465446472167969e+00
1.506615924835205078e+01
1.554643630981445312e+01
1.635616111755371094e+01
2.168048858642578125e+01
2.025766944885253906e+01
2.265985488891601562e+01
2.626055717468261719e+01
3.152885627746582031e+01
3.636558151245117188e+01
3.635743713378906250e+01
3.725996017456054688e+01
3.671210861206054688e+01
3.669984817504882812e+01
3.224071884155273438e+01
3.084367370605468750e+01
2.768651580810546875e+01
3.050592613220214844e+01
2.581792640686035156e+01
2.641049003601074219e+01
2.513095474243164062e+01
2.758417129516601562e+01
2.365447616577148438e+01
1.924484252929687500e+01
1.180964374542236328e+01
1.137092876434326172e+01
1.153437709808349609e+01
1.109621429443359375e+01
7.263690471649169922e+00
1.331043720245361328e+01
1.366711425781250000e+01
1.646595382690429688e+01
1.569075965881347656e+01
2.294189453125000000e+01
2.545522689819335938e+01
2.522626686096191406e+01
3.288246154785156250e+01
3.492782211303710938e+01
3.672770309448242188e+01
3.641194534301757812e+01
4.039192199707031250e+01
3.875184631347656250e+01
3.696527099609375000e+01
3.440719604492187500e+01
2.764571952819824219e+01
2.482054710388183594e+01
2.482737541198730469e+01
2.523457717895507812e+01
2.752453804016113281e+01
3.111364936828613281e+01
3.696460342407226562e+01
4.376499557495117188e+01
4.627095031738281250e+01
4.416554260253906250e+01
3.891658020019531250e+01
3.343349838256835938e+01
3.095367622375488281e+01
2.824850082397460938e+01
2.419342994689941406e+01
1.947309684753417969e+01
7.983413696289062500e+00
4.474051475524902344e+00
3.651096820831298828e+00
1.078673124313354492e+00
-1.111749172210693359e+00
-2.239230394363403320e+00
-8.174863815307617188e+00
-9.802580833435058594e+00
-9.296502113342285156e+00
-4.992876052856445312e+00
-1.821152091026306152e+00
-1.272220230102539062e+01
-2.066172981262207031e+01
-2.643150711059570312e+01
-1.618921661376953125e+01
-2.401471710205078125e+01
-2.698334693908691406e+01
-1.966000938415527344e+01
-1.342309474945068359e+01
-2.204223251342773438e+01
-2.588620567321777344e+01
-1.605696105957031250e+01
-1.276653957366943359e+01
-1.241987228393554688e+01
-4.560732841491699219e+00
7.193145275115966797e+00
4.881834030151367188e+00
4.436381340026855469e+00
1.011037063598632812e+01
1.299736976623535156e+01
1.505035781860351562e+01
1.637214279174804688e+01
2.133238601684570312e+01
2.078375434875488281e+01
2.580643272399902344e+01
2.846602058410644531e+01
3.473103332519531250e+01
3.547635650634765625e+01
3.682467269897460938e+01
3.570452117919921875e+01
3.609616851806640625e+01
3.467318344116210938e+01
3.156113052368164062e+01
2.978679656982421875e+01
2.816459083557128906e+01
3.100386428833007812e+01
2.702350997924804688e+01
2.774691390991210938e+01
2.436533927917480469e+01
2.569574356079101562e+01
2.159730720520019531e+01
1.811112785339355469e+01
9.989159584045410156e+00
1.303900337219238281e+01
8.706996917724609375e+00
9.647339820861816406e+00
8.592906951904296875e+00
1.503157520294189453e+01
1.587082576751708984e+01
1.452315139770507812e+01
1.870863533020019531e+01
2.521965026855468750e+01
2.430296707153320312e+01
2.601777458190917969e+01
3.533596420288085938e+01
3.466188430786132812e+01
3.730031967163085938e+01
3.873127365112304688e+01
4.106605911254882812e+01
3.840055084228515625e+01
3.525888824462890625e+01
3.261010360717773438e+01
2.753739547729492188e+01
2.470064163208007812e+01
2.343142890930175781e+01
2.444647979736328125e+01
2.771656227111816406e+01
3.098292350769042969e+01
3.803883361816406250e+01
4.547512817382812500e+01
4.595048904418945312e+01
4.120358276367187500e+01
3.580510711669921875e+01
3.189531707763671875e+01
2.712001228332519531e+01
2.497194671630859375e+01
2.068150711059570312e+01
1.511576366424560547e+01
8.637008666992187500e+00
2.353491306304931641e+00
-2.025838568806648254e-02
-2.990205287933349609e+00
-4.823983669281005859e+00
-1.093294429779052734e+01
-7.726579189300537109e+00
-1.219996261596679688e+01
-4.592066287994384766e+00
-1.663249373435974121e+00
-1.212704277038574219e+01
-2.037595748901367188e+01
-2.401666069030761719e+01
-1.641937255859375000e+01
-1.642711830139160156e+01
-2.775796508789062500e+01
-2.597665596008300781e+01
-1.453398895263671875e+01
-1.911936759948730469e+01
-2.569734573364257812e+01
-1.776573562622070312e+01
-9.039954185485839844e+00
-1.276148796081542969e+01
-8.620963096618652344e+00
5.822970390319824219e+00
9.690979957580566406e+00
6.480951309204101562e+00
7.802686214447021484e+00
1.201038742065429688e+01
1.255768966674804688e+01
1.551076030731201172e+01
1.968282699584960938e+01
1.981458854675292969e+01
2.166516113281250000e+01
2.595615577697753906e+01
3.299810791015625000e+01
3.725416946411132812e+01
3.601453399658203125e+01
3.747964859008789062e+01
3.630200958251953125e+01
3.685834503173828125e+01
3.175638389587402344e+01
3.057639122009277344e+01
2.595648002624511719e+01
2.917427825927734375e+01
2.666706085205078125e+01
2.619690513610839844e+01
2.522973632812500000e+01
2.600388336181640625e+01
2.253359222412109375e+01
1.937407493591308594e+01
1.237202358245849609e+01
1.335354232788085938e+01
1.036456871032714844e+01
1.081016063690185547e+01
7.714608192443847656e+00
1.264823055267333984e+01
1.340994071960449219e+01
1.491857242584228516e+01
1.482638359069824219e+01
2.363695716857910156e+01
2.369770431518554688e+01
2.410370826721191406e+01
3.120962715148925781e+01
3.439181137084960938e+01
3.603813934326171875e+01
3.670304489135742188e+01
4.128612899780273438e+01
3.991172027587890625e+01
3.497070312500000000e+01
3.527416229248046875e+01
2.994783973693847656e+01
2.712326431274414062e+01
2.449793243408203125e+01
2.460039901733398438e+01
2.420543861389160156e+01
2.773892021179199219e+01
3.412439346313476562e+01
4.082507324218750000e+01
4.401897811889648438e+01
4.381077575683593750e+01
3.974152374267578125e+01
3.366037750244140625e+01
3.013189125061035156e+01
2.565681648254394531e+01
2.154034042358398438e+01
1.381526088714599609e+01
8.973106384277343750e+00
7.397349357604980469e+00
2.790125370025634766e+00
-2.843052387237548828e+00
-5.263390064239501953e+00
-1.061279773712158203e+01
-1.128025817871093750e+01
-1.404813480377197266e+01
-6.098586082458496094e+00
-3.424910783767700195e+00
-9.770785331726074219e+00
-1.783547973632812500e+01
-2.668195915222167969e+01
-1.834053230285644531e+01
-1.556918621063232422e+01
-2.375382614135742188e+01
-2.696089553833007812e+01
-1.685025978088378906e+01
-1.661735725402832031e+01
-2.153196525573730469e+01
-2.178427505493164062e+01
-1.361594772338867188e+01
-1.654113197326660156e+01
-1.460300827026367188e+01
2.514833927154541016e+00
6.514245510101318359e+00
7.714272022247314453e+00
1.001566505432128906e+01
1.437972354888916016e+01
1.287217426300048828e+01
1.171774673461914062e+01
1.456293296813964844e+01
2.072550964355468750e+01
2.057371139526367188e+01
2.452438163757324219e+01
3.074582290649414062e+01
3.551415252685546875e+01
3.540675354003906250e+01
3.611936569213867188e+01
3.366364669799804688e+01
3.677250671386718750e+01
3.176801872253417969e+01
3.042658042907714844e+01
2.712162971496582031e+01
2.749569511413574219e+01
2.735722541809082031e+01
2.813164138793945312e+01
2.710172271728515625e+01
2.863439941406250000e+01
2.657840156555175781e+01
2.193924140930175781e+01
1.673345756530761719e+01
9.921362876892089844e+00
1.177313709259033203e+01
9.337300300598144531e+00
7.075362682342529297e+00
8.267121315002441406e+00
1.375737285614013672e+01
1.371390056610107422e+01
1.217648124694824219e+01
2.335412216186523438e+01
2.346900939941406250e+01
2.404983901977539062e+01
2.964743995666503906e+01
3.474317932128906250e+01
3.499907684326171875e+01
3.732995605468750000e+01
4.106986999511718750e+01
3.963138580322265625e+01
3.667224502563476562e+01
3.332415390014648438e+01
3.162245178222656250e+01
2.869417572021484375e+01
2.715275955200195312e+01
2.571912574768066406e+01
2.577829551696777344e+01
2.701232719421386719e+01
3.139948654174804688e+01
3.824640655517578125e+01
4.293964004516601562e+01
4.386636734008789062e+01
3.972502517700195312e+01
3.460113525390625000e+01
2.760788536071777344e+01
2.438190460205078125e+01
1.850598907470703125e+01
1.344248676300048828e+01
7.730706214904785156e+00
8.291004180908203125e+00
5.098373889923095703e+00
2.760316610336303711e+00
-6.214058399200439453e+00
-1.178183269500732422e+01
-1.517127227783203125e+01
-1.499789524078369141e+01
-1.005801391601562500e+01
-2.564437866210937500e+00
-9.278009414672851562e+00
-2.080668830871582031e+01
-2.563250923156738281e+01
-1.645751953125000000e+01
-1.720883560180664062e+01
-2.495047569274902344e+01
-2.581524467468261719e+01
-1.383232784271240234e+01
-1.458028697967529297e+01
-2.189537239074707031e+01
-2.215611839294433594e+01
-1.518323707580566406e+01
-1.891992950439453125e+01
-1.494909000396728516e+01
-6.773030757904052734e-02
3.891213893890380859e+00
5.401689052581787109e+00
1.013964748382568359e+01
1.446664142608642578e+01
1.527452087402343750e+01
1.362565517425537109e+01
1.623255348205566406e+01
1.837740325927734375e+01
1.950105094909667969e+01
2.279546165466308594e+01
3.095913696289062500e+01
3.716031265258789062e+01
3.673751068115234375e+01
3.918270111083984375e+01
3.657902145385742188e+01
3.789496994018554688e+01
3.236071014404296875e+01
3.146123886108398438e+01
2.590548896789550781e+01
2.755237960815429688e+01
2.752722740173339844e+01
2.591145133972167969e+01
2.563171195983886719e+01
2.743737983703613281e+01
2.483146286010742188e+01
2.178036689758300781e+01
1.344964218139648438e+01
1.266245841979980469e+01
1.082551479339599609e+01
9.670603752136230469e+00
6.257563591003417969e+00
9.823885917663574219e+00
1.390995407104492188e+01
1.496390342712402344e+01
1.470876121520996094e+01
2.447964096069335938e+01
2.337851524353027344e+01
2.387781906127929688e+01
2.922535133361816406e+01
3.499459838867187500e+01
3.632641601562500000e+01
3.702627182006835938e+01
4.102104187011718750e+01
3.865861511230468750e+01
3.477286148071289062e+01
3.269330215454101562e+01
3.085003852844238281e+01
2.895687675476074219e+01
2.798647308349609375e+01
2.789995384216308594e+01
2.844109153747558594e+01
2.919878196716308594e+01
3.191250801086425781e+01
3.538499069213867188e+01
3.963260269165039062e+01
4.186841964721679688e+01
4.081612396240234375e+01
3.754430770874023438e+01
3.110050773620605469e+01
2.291127967834472656e+01
1.676204299926757812e+01
9.779330253601074219e+00
6.910891056060791016e+00
3.763593196868896484e+00
1.183583498001098633e+00
2.837548971176147461e+00
-6.598919391632080078e+00
-1.198321151733398438e+01
-1.637389564514160156e+01
-1.543635368347167969e+01
-8.044137001037597656e+00
-4.294239521026611328e+00
-1.079135513305664062e+01
-1.905778694152832031e+01
-2.072801017761230469e+01
-1.532771110534667969e+01
-1.900341224670410156e+01
-2.727350997924804688e+01
-2.219452667236328125e+01
-1.127024173736572266e+01
-1.593608665466308594e+01
-2.121704292297363281e+01
-1.770017433166503906e+01
-1.516416263580322266e+01
-1.797455406188964844e+01
-1.243255329132080078e+01
2.471925020217895508e+00
2.997395515441894531e+00
5.903271198272705078e+00
1.185425472259521484e+01
1.412839126586914062e+01
1.507319831848144531e+01
1.569226932525634766e+01
1.778271102905273438e+01
1.608773803710937500e+01
2.081585121154785156e+01
2.415276527404785156e+01
3.307751464843750000e+01
3.532417678833007812e+01
3.769858932495117188e+01
3.718781280517578125e+01
3.627205276489257812e+01
3.822214889526367188e+01
3.239903640747070312e+01
3.080509567260742188e+01
2.723746871948242188e+01
2.807874488830566406e+01
2.675927734375000000e+01
2.688865280151367188e+01
2.455631637573242188e+01
2.753671646118164062e+01
2.286620712280273438e+01
1.772168350219726562e+01
9.519305229187011719e+00
1.139271068572998047e+01
1.094299888610839844e+01
9.544297218322753906e+00
4.949600219726562500e+00
1.252740097045898438e+01
1.271565628051757812e+01
1.453068637847900391e+01
1.638566207885742188e+01
2.357365798950195312e+01
2.351098442077636719e+01
2.434244155883789062e+01
3.141014480590820312e+01
3.406383895874023438e+01
3.523827743530273438e+01
3.735115051269531250e+01
4.085705947875976562e+01
3.671487808227539062e+01
3.466259384155273438e+01
3.156555557250976562e+01
2.685558128356933594e+01
2.590147018432617188e+01
2.458819770812988281e+01
2.707731056213378906e+01
2.949680137634277344e+01
3.250030136108398438e+01
3.593899536132812500e+01
4.011261749267578125e+01
3.921169662475585938e+01
3.739748764038085938e+01
3.629145050048828125e+01
3.429828643798828125e+01
3.111584663391113281e+01
2.306937980651855469e+01
1.619100761413574219e+01
6.697549343109130859e+00
4.525550842285156250e+00
1.592773675918579102e+00
1.543095946311950684e+00
2.801929235458374023e+00
-2.957150220870971680e+00
-1.106969738006591797e+01
-1.587852001190185547e+01
-1.306109333038330078e+01
-6.700526237487792969e+00
-4.062394142150878906e+00
-1.317044067382812500e+01
-1.710186195373535156e+01
-2.588373374938964844e+01
-1.509779357910156250e+01
-2.629424858093261719e+01
-2.750151252746582031e+01
-2.645743370056152344e+01
-1.687116432189941406e+01
-1.975914001464843750e+01
-2.880498123168945312e+01
-2.018930435180664062e+01
-1.441504096984863281e+01
-1.538948535919189453e+01
-1.143526649475097656e+01
1.632173180580139160e+00
4.571503162384033203e+00
5.068159580230712891e+00
9.472225189208984375e+00
1.240079689025878906e+01
1.371459484100341797e+01
1.443873500823974609e+01
1.853003311157226562e+01
1.973203468322753906e+01
2.320274162292480469e+01
2.614022254943847656e+01
3.386772537231445312e+01
3.566180419921875000e+01
3.739346313476562500e+01
3.560643768310546875e+01
3.628298950195312500e+01
3.629021072387695312e+01
3.093122863769531250e+01
2.972309112548828125e+01
2.805982208251953125e+01
2.917038917541503906e+01
2.604393005371093750e+01
2.574014854431152344e+01
2.490517616271972656e+01
2.727210426330566406e+01
2.483539390563964844e+01
1.927286529541015625e+01
1.428092288970947266e+01
1.217424583435058594e+01
1.208913230895996094e+01
1.146113109588623047e+01
6.088243007659912109e+00
1.295018672943115234e+01
1.414712524414062500e+01
1.536117744445800781e+01
1.657236671447753906e+01
2.457206535339355469e+01
2.378874206542968750e+01
2.447909355163574219e+01
3.236988067626953125e+01
3.341453170776367188e+01
3.685972595214843750e+01
3.596835708618164062e+01
4.129941177368164062e+01
3.845254135131835938e+01
3.551060485839843750e+01
3.252569580078125000e+01
2.556635665893554688e+01
2.473300361633300781e+01
2.444219017028808594e+01
2.526474189758300781e+01
2.800526237487792969e+01
3.260671615600585938e+01
3.762119293212890625e+01
4.162279129028320312e+01
4.133258056640625000e+01
3.878429794311523438e+01
3.573618698120117188e+01
3.336299133300781250e+01
2.988586807250976562e+01
2.615004348754882812e+01
1.955340576171875000e+01
1.336926460266113281e+01
5.712123394012451172e+00
-1.219685435295104980e+00
-1.440056562423706055e+00
1.079087033867835999e-01
1.128936111927032471e-01
-5.857302188873291016e+00
-1.075369453430175781e+01
-1.684782600402832031e+01
-8.259129524230957031e+00
-6.039358615875244141e+00
-7.220038414001464844e+00
-1.851695632934570312e+01
-2.455695152282714844e+01
-2.070351219177246094e+01
-1.589946651458740234e+01
-2.612956428527832031e+01
-2.639747238159179688e+01
-2.289869117736816406e+01
-1.753355216979980469e+01
-2.510998725891113281e+01
-2.649793624877929688e+01
-1.553136062622070312e+01
-1.689375686645507812e+01
-1.284632492065429688e+01
7.096533775329589844e-01
5.413800716400146484e+00
3.892219305038452148e+00
5.909525871276855469e+00
1.332870578765869141e+01
1.607572746276855469e+01
1.604395866394042969e+01
1.935332679748535156e+01
2.002054214477539062e+01
1.916449356079101562e+01
2.369254875183105469e+01
2.978533172607421875e+01
3.604966735839843750e+01
3.592693710327148438e+01
3.715683364868164062e+01
3.505374908447265625e+01
3.716353225708007812e+01
3.126177215576171875e+01
2.834294509887695312e+01
2.656979179382324219e+01
2.790611457824707031e+01
2.710939788818359375e+01
2.724583435058593750e+01
2.637924957275390625e+01
2.549780082702636719e+01
2.695121574401855469e+01
1.981422042846679688e+01
1.603504371643066406e+01
9.935268402099609375e+00
1.251477336883544922e+01
9.859189987182617188e+00
8.861337661743164062e+00
9.990099906921386719e+00
1.457790660858154297e+01
1.621246910095214844e+01
1.478493690490722656e+01
2.117356109619140625e+01
2.441064262390136719e+01
2.518253517150878906e+01
2.868589591979980469e+01
3.326315689086914062e+01
3.505630874633789062e+01
3.567211151123046875e+01
3.884775161743164062e+01
3.922921752929687500e+01
3.559674072265625000e+01
3.473925781250000000e+01
2.888132858276367188e+01
2.420699501037597656e+01
2.310542297363281250e+01
2.290280723571777344e+01
2.616762733459472656e+01
2.916689300537109375e+01
3.396651840209960938e+01
4.052493286132812500e+01
4.435291671752929688e+01
4.127471923828125000e+01
3.764147567749023438e+01
3.469722747802734375e+01
2.993411064147949219e+01
2.844872093200683594e+01
2.306159019470214844e+01
1.955473899841308594e+01
1.251982975006103516e+01
4.433959007263183594e+00
1.160586118698120117e+00
3.925164937973022461e-01
1.072594404220581055e+00
-1.393811225891113281e+00
-6.295441150665283203e+00
-1.012834835052490234e+01
-1.335711860656738281e+01
-6.472720146179199219e+00
-5.961614131927490234e+00
-8.461080551147460938e+00
-2.046659469604492188e+01
-3.019755363464355469e+01
-1.664916419982910156e+01
-1.853976058959960938e+01
-2.787676239013671875e+01
-2.390618133544921875e+01
-1.664572715759277344e+01
-1.368760013580322266e+01
-2.554290771484375000e+01
-2.215161895751953125e+01
-1.358873939514160156e+01
-1.729106903076171875e+01
-1.180251693725585938e+01
8.004832863807678223e-01
4.004821300506591797e+00
2.688122510910034180e+00
6.268875122070312500e+00
1.330091381072998047e+01
1.613102912902832031e+01
1.717157554626464844e+01
1.891663742065429688e+01
2.140820884704589844e+01
2.012129974365234375e+01
2.487340164184570312e+01
2.977201652526855469e+01
3.763803863525390625e+01
3.512924957275390625e+01
3.793758773803710938e+01
3.680166244506835938e+01
3.900171279907226562e+01
3.299594497680664062e+01
3.042059135437011719e+01
2.973049163818359375e+01
2.983269882202148438e+01
2.779645156860351562e+01
2.546350860595703125e+01
2.369946479797363281e+01
2.604009628295898438e+01
2.342674255371093750e+01
2.094985961914062500e+01
1.504434394836425781e+01
1.102030754089355469e+01
1.285544300079345703e+01
1.295784282684326172e+01
8.354334831237792969e+00
1.192163276672363281e+01
1.619395637512207031e+01
1.575637722015380859e+01
1.443771934509277344e+01
2.371099853515625000e+01
2.391015815734863281e+01
2.403013610839843750e+01
3.131363868713378906e+01
3.415971755981445312e+01
3.606027603149414062e+01
3.654716873168945312e+01
4.001578903198242188e+01
3.920256042480468750e+01
3.466639709472656250e+01
3.357372665405273438e+01
2.886804771423339844e+01
2.454416084289550781e+01
2.250924873352050781e+01
2.281888008117675781e+01
2.567792320251464844e+01
2.871082305908203125e+01
3.592292404174804688e+01
4.116468429565429688e+01
4.369687271118164062e+01
4.231745529174804688e+01
3.760881042480468750e+01
3.353385162353515625e+01
3.019978713989257812e+01
2.502715110778808594e+01
2.314046859741210938e+01
1.800406837463378906e+01
8.993020057678222656e+00
3.211953639984130859e+00
5.392024293541908264e-02
-3.932158708572387695e+00
1.167129755020141602e+00
-6.529492139816284180e-01
-5.169802665710449219e+00
-9.215591430664062500e+00
-9.585532188415527344e+00
-7.400043964385986328e+00
-3.620742559432983398e+00
-1.101208400726318359e+01
-2.167710113525390625e+01
-2.864243698120117188e+01
-1.872006416320800781e+01
-1.960229873657226562e+01
-2.569779396057128906e+01
-2.558341026306152344e+01
-1.964846611022949219e+01
-1.863072395324707031e+01
-2.191078186035156250e+01
-2.035374259948730469e+01
-1.377744007110595703e+01
-1.769680404663085938e+01
-1.269979763031005859e+01
1.274663567543029785e+00
3.162330150604248047e+00
3.927263975143432617e+00
7.019050121307373047e+00
1.453209972381591797e+01
1.444482421875000000e+01
1.514979362487792969e+01
1.850643348693847656e+01
1.942075920104980469e+01
2.248919296264648438e+01
2.573311614990234375e+01
3.137275314331054688e+01
3.639610290527343750e+01
3.545904922485351562e+01
3.792837524414062500e+01
3.610954284667968750e+01
3.712330627441406250e+01
3.292918014526367188e+01
3.234501266479492188e+01
2.782953262329101562e+01
3.104146194458007812e+01
2.675068855285644531e+01
2.653593254089355469e+01
2.556166648864746094e+01
2.525316429138183594e+01
2.371123313903808594e+01
2.043976974487304688e+01
1.355279064178466797e+01
1.271432304382324219e+01
1.103279018402099609e+01
1.006408882141113281e+01
8.188312530517578125e+00
1.094511985778808594e+01
1.337748622894287109e+01
1.558517742156982422e+01
1.328737640380859375e+01
2.286353683471679688e+01
2.324191093444824219e+01
2.473711204528808594e+01
3.087048530578613281e+01
3.400224685668945312e+01
3.629207992553710938e+01
3.633382797241210938e+01
3.935851287841796875e+01
3.858567810058593750e+01
3.487165451049804688e+01
3.311409378051757812e+01
2.839719200134277344e+01
2.442896461486816406e+01
2.226201248168945312e+01
2.251069450378417969e+01
2.512982749938964844e+01
2.917685317993164062e+01
3.472552871704101562e+01
3.998909378051757812e+01
4.480788803100585938e+01
4.198199462890625000e+01
3.775483703613281250e+01
3.274094772338867188e+01
2.884161758422851562e+01
2.485363769531250000e+01
2.143890571594238281e+01
1.528940391540527344e+01
8.506155014038085938e+00
2.005110502243041992e+00
2.192911863327026367e+00
-3.162771463394165039e+00
-5.689066886901855469e+00
-6.784868240356445312e+00
-1.079609203338623047e+01
-1.342537403106689453e+01
-1.103145217895507812e+01
-6.774165153503417969e+00
-5.865289211273193359e+00
-1.877025222778320312e+01
-2.293799400329589844e+01
-2.770454978942871094e+01
-1.892498397827148438e+01
-2.293552780151367188e+01
-2.717470359802246094e+01
-2.119271659851074219e+01
-1.661853599548339844e+01
-2.581048965454101562e+01
-2.736611175537109375e+01
-1.992083930969238281e+01
-1.453792476654052734e+01
-1.561220550537109375e+01
-6.851156234741210938e+00
3.347420930862426758e+00
2.997003555297851562e+00
3.574644804000854492e+00
9.726028442382812500e+00
1.394125175476074219e+01
1.542739963531494141e+01
1.505959701538085938e+01
1.961531066894531250e+01
1.672899627685546875e+01
2.261845779418945312e+01
2.550635147094726562e+01
3.258475494384765625e+01
3.444847488403320312e+01
3.551377487182617188e+01
3.435963058471679688e+01
3.658404922485351562e+01
3.464263534545898438e+01
3.161149597167968750e+01
2.962745857238769531e+01
2.798134231567382812e+01
2.916103553771972656e+01
2.738537216186523438e+01
2.714086532592773438e+01
2.554988479614257812e+01
2.591656303405761719e+01
2.216459274291992188e+01
1.871784400939941406e+01
1.144718265533447266e+01
1.237797355651855469e+01
1.043228816986083984e+01
9.767679214477539062e+00
7.610866069793701172e+00
1.334826469421386719e+01
1.378084278106689453e+01
1.503767585754394531e+01
1.799410057067871094e+01
2.455031013488769531e+01
2.344504547119140625e+01
2.686487197875976562e+01
3.404015731811523438e+01
3.394816589355468750e+01
3.786167144775390625e+01
3.787328338623046875e+01
4.088565444946289062e+01
3.669087982177734375e+01
3.485105514526367188e+01
3.249477386474609375e+01
2.821878814697265625e+01
2.433680343627929688e+01
2.327798652648925781e+01
2.445422363281250000e+01
2.658381652832031250e+01
3.016684150695800781e+01
3.626985168457031250e+01
4.272923278808593750e+01
4.417869949340820312e+01
4.092513656616210938e+01
3.462541198730468750e+01
3.070185470581054688e+01
2.783301734924316406e+01
2.306095123291015625e+01
1.982703590393066406e+01
1.130293846130371094e+01
7.600677967071533203e+00
4.036870002746582031e+00
-8.606396317481994629e-01
-5.153627872467041016e+00
-5.530143260955810547e+00
-1.251343059539794922e+01
-1.375064754486083984e+01
-1.441464519500732422e+01
-6.898940086364746094e+00
-5.133457183837890625e+00
-1.172945308685302734e+01
-2.636274147033691406e+01
-2.696146965026855469e+01
-1.763975715637207031e+01
-2.078454399108886719e+01
-2.672896194458007812e+01
-2.585971069335937500e+01
-1.522052860260009766e+01
-1.871470069885253906e+01
-2.313068199157714844e+01
-2.248259544372558594e+01
-1.503360557556152344e+01
-1.954235076904296875e+01
-1.477201938629150391e+01
-8.741590380668640137e-02
1.293303728103637695e+00
4.525224685668945312e+00
9.416630744934082031e+00
1.444872188568115234e+01
1.433804130554199219e+01
1.325331211090087891e+01
1.541560268402099609e+01
1.732644844055175781e+01
2.013859176635742188e+01
2.407060432434082031e+01
3.056103324890136719e+01
3.571331787109375000e+01
3.482439804077148438e+01
