7.528684616088867188e+00
1.209344005584716797e+01
9.539493560791015625e+00
1.389852237701416016e+01
1.548169994354248047e+01
1.232336711883544922e+01
6.361952781677246094e+00
4.234539985656738281e+00
-8.392482995986938477e-02
2.595634222030639648e+00
6.894264698028564453e+00
1.215252399444580078e+01
1.242998695373535156e+01
1.319113159179687500e+01
8.576816558837890625e+00
8.213094472885131836e-01
-3.452797174453735352e+00
-4.183490276336669922e+00
-6.178257465362548828e+00
-1.462746739387512207e+00
3.646872758865356445e+00
1.543284416198730469e+00
-3.202417373657226562e+00
-6.389201641082763672e+00
-4.506134510040283203e+00
5.956389904022216797e-01
8.731576919555664062e+00
1.481247425079345703e+01
1.650890159606933594e+01
1.422762584686279297e+01
1.292882728576660156e+01
1.227861690521240234e+01
9.691334724426269531e+00
7.961851596832275391e+00
8.172163963317871094e+00
8.452722549438476562e+00
3.987047910690307617e+00
8.039051294326782227e-01
-2.794380903244018555e+00
-5.532960414886474609e+00
-7.593883037567138672e+00
-9.772298812866210938e+00
-9.569909095764160156e+00
-4.946420192718505859e+00
-5.131704330444335938e+00
-5.830667972564697266e+00
-9.448417663574218750e+00
-6.752347946166992188e+00
-5.274965763092041016e+00
-4.006685256958007812e+00
-7.351631522178649902e-01
5.355649948120117188e+00
4.225257873535156250e+00
8.309084892272949219e+00
8.938751220703125000e+00
8.152345657348632812e+00
2.397542238235473633e+00
-6.220370531082153320e-01
-1.237052798271179199e+00
-5.564410209655761719e+00
-1.676851272583007812e+01
-1.761292266845703125e+01
-1.625171470642089844e+01
-1.312155723571777344e+01
-1.736968231201171875e+01
-1.456958961486816406e+01
-1.506917667388916016e+01
-1.095699691772460938e+01
-1.256141376495361328e+01
-1.004682064056396484e+01
-7.343993663787841797e+00
-5.353762149810791016e+00
-2.523952007293701172e+00
-3.612888336181640625e+00
-1.135898709297180176e+00
5.107089877128601074e-01
2.584913730621337891e+00
2.053320109844207764e-01
-2.380927801132202148e+00
-2.751047611236572266e+00
-6.316296577453613281e+00
-5.905672550201416016e+00
-8.288125991821289062e+00
-7.917390823364257812e+00
-7.291843414306640625e+00
-6.427597045898437500e+00
-7.030822753906250000e+00
-6.731065273284912109e+00
-4.708934307098388672e+00
1.101710081100463867e+00
1.604845166206359863e+00
8.176494598388671875e+00
6.549212455749511719e+00
9.420433998107910156e+00
4.269658088684082031e+00
7.436722755432128906e+00
7.657721996307373047e+00
1.119831085205078125e+01
1.112486743927001953e+01
1.211466693878173828e+01
1.381215572357177734e+01
1.334328174591064453e+01
7.945588111877441406e+00
3.475477457046508789e+00
7.086836695671081543e-01
3.163661241531372070e+00
7.639430999755859375e+00
1.288500213623046875e+01
1.263676834106445312e+01
1.363677406311035156e+01
9.893806457519531250e+00
-6.752044707536697388e-02
-4.253783226013183594e+00
-5.400217056274414062e+00
-5.649347305297851562e+00
5.484597682952880859e-01
5.024362087249755859e+00
2.006377696990966797e+00
-4.115197181701660156e+00
-6.730665206909179688e+00
-7.534506320953369141e+00
-2.906867861747741699e-01
5.341985702514648438e+00
1.410468959808349609e+01
1.594114589691162109e+01
1.527018547058105469e+01
1.127050209045410156e+01
1.137162494659423828e+01
8.965075492858886719e+00
8.699658393859863281e+00
9.259788513183593750e+00
9.542549133300781250e+00
5.811676979064941406e+00
1.246494531631469727e+00
-2.446938514709472656e+00
-4.305151939392089844e+00
-7.298353672027587891e+00
-8.528712272644042969e+00
-8.713325500488281250e+00
-5.954081535339355469e+00
-4.958950042724609375e+00
-6.403356075286865234e+00
-6.746004104614257812e+00
-6.959956645965576172e+00
-4.864932537078857422e+00
-4.893181800842285156e+00
-6.217177510261535645e-01
3.988285779953002930e+00
6.373822689056396484e+00
7.983501911163330078e+00
9.506501197814941406e+00
9.531846046447753906e+00
3.327167510986328125e+00
1.496270537376403809e+00
-2.095355033874511719e+00
-2.999480247497558594e+00
-1.406162834167480469e+01
-1.408185100555419922e+01
-1.602139091491699219e+01
-1.292607212066650391e+01
-1.622628593444824219e+01
-1.419178104400634766e+01
-1.430890369415283203e+01
-1.220437908172607422e+01
-1.318013381958007812e+01
-1.166726112365722656e+01
-6.999438285827636719e+00
-4.663886547088623047e+00
-8.081659078598022461e-01
-1.765471458435058594e+00
-1.618812441825866699e+00
1.870571494102478027e+00
3.328325510025024414e+00
2.721556663513183594e+00
-2.443129777908325195e+00
-3.638070344924926758e+00
-5.440344810485839844e+00
-5.632852554321289062e+00
-5.238426685333251953e+00
-7.659258842468261719e+00
-8.000242233276367188e+00
-8.029217720031738281e+00
-6.025841236114501953e+00
-7.613938331604003906e+00
-4.695225238800048828e+00
-1.045615434646606445e+00
2.183908462524414062e+00
5.922107696533203125e+00
7.023283004760742188e+00
1.149863243103027344e+01
6.094953536987304688e+00
6.885354995727539062e+00
6.749997138977050781e+00
1.171872520446777344e+01
9.803245544433593750e+00
1.088491535186767578e+01
1.560990715026855469e+01
1.428322124481201172e+01
1.151411819458007812e+01
6.351059913635253906e+00
2.215388715267181396e-01
1.654019117355346680e+00
5.570300579071044922e+00
1.053475856781005859e+01
1.336922168731689453e+01
1.222588062286376953e+01
1.021346092224121094e+01
4.670927047729492188e+00
-4.295720577239990234e+00
-5.786649227142333984e+00
-5.192448139190673828e+00
-3.680850505828857422e+00
4.726396560668945312e+00
3.208673954010009766e+00
-2.890878915786743164e+00
-6.453744888305664062e+00
-7.004009246826171875e+00
-1.856066823005676270e+00
4.979023933410644531e+00
1.283232593536376953e+01
1.670507431030273438e+01
1.415780544281005859e+01
1.270274734497070312e+01
1.243963241577148438e+01
9.825386047363281250e+00
8.476781845092773438e+00
8.321700096130371094e+00
7.636669635772705078e+00
6.485088348388671875e+00
1.632715940475463867e+00
-1.346223115921020508e+00
-4.411561489105224609e+00
-7.283710479736328125e+00
-9.001857757568359375e+00
-8.517925262451171875e+00
-6.434596061706542969e+00
-2.706373691558837891e+00
-5.879737377166748047e+00
-6.262452125549316406e+00
-7.389251232147216797e+00
-4.527603149414062500e+00
-4.541284561157226562e+00
4.204148352146148682e-01
2.998019695281982422e+00
4.857460975646972656e+00
5.248514652252197266e+00
7.117355823516845703e+00
8.746350288391113281e+00
3.056934118270874023e+00
1.022769927978515625e+00
-2.275219440460205078e+00
-5.382731914520263672e+00
-1.764515495300292969e+01
-2.021499633789062500e+01
-1.945666503906250000e+01
-1.438225078582763672e+01
-1.762584495544433594e+01
-1.630131530761718750e+01
-1.347187614440917969e+01
-1.383533096313476562e+01
-9.897347450256347656e+00
-1.346610164642333984e+01
-8.500760078430175781e+00
-4.543062210083007812e+00
-1.380404829978942871e+00
-8.275897502899169922e-01
-2.230458498001098633e+00
-1.540056943893432617e+00
2.557743310928344727e+00
3.812387943267822266e+00
7.716460824012756348e-01
-2.952665328979492188e+00
-4.527300357818603516e+00
-7.495139598846435547e+00
-7.232229709625244141e+00
-8.291485786437988281e+00
-8.603034019470214844e+00
-9.537328720092773438e+00
-5.194480419158935547e+00
-9.081056594848632812e+00
-4.428901672363281250e+00
-3.092468023300170898e+00
3.869977951049804688e+00
6.139248371124267578e+00
6.279646873474121094e+00
9.277545928955078125e+00
4.177325725555419922e+00
8.537766456604003906e+00
5.232946872711181641e+00
1.025105667114257812e+01
1.171655845642089844e+01
1.117350292205810547e+01
1.492586231231689453e+01
1.487087631225585938e+01
1.082342815399169922e+01
6.388656139373779297e+00
-3.030072152614593506e-01
1.167827963829040527e+00
7.115873336791992188e+00
1.187589931488037109e+01
1.369970703125000000e+01
9.088417053222656250e+00
8.137837409973144531e+00
4.563537597656250000e+00
-3.348916530609130859e+00
-5.442514896392822266e+00
-4.444570064544677734e+00
-1.112350821495056152e+00
2.075653076171875000e+00
3.914757966995239258e+00
-2.631525993347167969e-01
-5.167840480804443359e+00
-1.021497344970703125e+01
-4.277098178863525391e+00
2.325034856796264648e+00
1.196902084350585938e+01
1.640120887756347656e+01
1.620313262939453125e+01
1.385374927520751953e+01
1.120342540740966797e+01
1.007337665557861328e+01
7.604180335998535156e+00
6.617953300476074219e+00
7.443299293518066406e+00
6.108701229095458984e+00
3.200587034225463867e+00
-5.371431708335876465e-01
-3.593396186828613281e+00
-4.906807422637939453e+00
-6.875747680664062500e+00
-7.989703655242919922e+00
-8.172761917114257812e+00
-5.264977455139160156e+00
-6.590567111968994141e+00
-6.098797321319580078e+00
-8.934665679931640625e+00
-6.472497940063476562e+00
-3.820401430130004883e+00
-1.978772401809692383e+00
1.399473667144775391e+00
6.438571453094482422e+00
5.520304679870605469e+00
7.233079910278320312e+00
6.631260871887207031e+00
5.575279235839843750e+00
2.902458310127258301e-01
-9.389289617538452148e-01
-1.837263464927673340e+00
-1.069349288940429688e+01
-1.559823322296142578e+01
-1.621024703979492188e+01
-1.451909732818603516e+01
-1.409128475189208984e+01
-1.594792842864990234e+01
-1.183093166351318359e+01
-1.293697929382324219e+01
-1.142823886871337891e+01
-1.243007373809814453e+01
-9.805160522460937500e+00
-4.236259460449218750e+00
-3.152104377746582031e+00
-1.535897135734558105e+00
-3.842441558837890625e+00
-7.406091690063476562e-01
2.771300792694091797e+00
4.134995937347412109e+00
1.840114474296569824e+00
-2.021950483322143555e+00
-2.094000339508056641e+00
-5.553491592407226562e+00
-6.364913463592529297e+00
-8.634041786193847656e+00
-6.641792774200439453e+00
-9.361368179321289062e+00
-5.800232410430908203e+00
-7.282488822937011719e+00
-5.141834735870361328e+00
-2.470391035079956055e+00
3.641774177551269531e+00
2.490837574005126953e+00
6.321507453918457031e+00
7.848900794982910156e+00
6.199932098388671875e+00
6.362888336181640625e+00
6.829006671905517578e+00
8.403450012207031250e+00
1.245426177978515625e+01
1.259807968139648438e+01
1.339049911499023438e+01
1.690291023254394531e+01
1.150575923919677734e+01
7.142757415771484375e+00
1.165197134017944336e+00
4.454893767833709717e-01
5.124910831451416016e+00
8.409477233886718750e+00
1.190496158599853516e+01
1.068035793304443359e+01
1.171998977661132812e+01
8.259757995605468750e+00
7.187997549772262573e-02
-2.150761604309082031e+00
-5.113166332244873047e+00
-5.096300601959228516e+00
-9.920088052749633789e-01
3.978905916213989258e+00
1.730020165443420410e+00
-2.880146026611328125e+00
-7.952286243438720703e+00
-5.714871406555175781e+00
1.838768124580383301e-01
8.000216484069824219e+00
1.401389217376708984e+01
1.534449958801269531e+01
1.594636440277099609e+01
1.114482879638671875e+01
1.204639434814453125e+01
1.049618244171142578e+01
9.699255943298339844e+00
8.443009376525878906e+00
8.870075225830078125e+00
3.315791130065917969e+00
5.817701816558837891e-01
-1.377987027168273926e+00
-4.698052406311035156e+00
-7.212356090545654297e+00
-1.033890438079833984e+01
-1.054022979736328125e+01
-5.491106510162353516e+00
-5.806871414184570312e+00
-7.145191669464111328e+00
-7.973365783691406250e+00
-6.480281352996826172e+00
-6.296830654144287109e+00
-4.147154331207275391e+00
-3.623301535844802856e-02
5.610667705535888672e+00
4.513936519622802734e+00
8.796159744262695312e+00
8.354525566101074219e+00
7.838679313659667969e+00
6.795529127120971680e-01
1.402802485972642899e-02
-1.271030902862548828e+00
-5.432623386383056641e+00
-1.513167762756347656e+01
-1.615488052368164062e+01
-1.509816551208496094e+01
-1.336548995971679688e+01
-1.784729957580566406e+01
-1.294149112701416016e+01
-1.378289031982421875e+01
-1.210492610931396484e+01
-1.312622261047363281e+01
-9.033839225769042969e+00
-5.328777313232421875e+00
-2.747155189514160156e+00
1.154090687632560730e-01
-2.721793413162231445e+00
-1.409723162651062012e+00
-2.826276719570159912e-01
1.704824328422546387e+00
1.739372849464416504e+00
-2.091582059860229492e+00
-3.323934555053710938e+00
-4.524594783782958984e+00
-6.379112720489501953e+00
-7.951863288879394531e+00
-7.364005088806152344e+00
-8.491658210754394531e+00
-7.091496467590332031e+00
-6.224591732025146484e+00
-6.931791305541992188e+00
-3.952965736389160156e+00
2.746362686157226562e+00
3.191936016082763672e+00
8.838142395019531250e+00
8.218113899230957031e+00
1.030136489868164062e+01
6.946744441986083984e+00
7.309058189392089844e+00
5.024282455444335938e+00
1.178447532653808594e+01
1.186709022521972656e+01
1.144868564605712891e+01
1.561082935333251953e+01
1.367686271667480469e+01
8.760662078857421875e+00
4.037394523620605469e+00
4.967704415321350098e-01
1.930673956871032715e+00
5.884850025177001953e+00
9.927427291870117188e+00
1.290790748596191406e+01
1.351622104644775391e+01
8.799255371093750000e+00
1.902777552604675293e+00
-1.740285277366638184e+00
-4.853166580200195312e+00
-5.787420272827148438e+00
-1.745641708374023438e+00
4.382920265197753906e+00
4.495647430419921875e+00
-1.702721834182739258e+00
-5.822708606719970703e+00
-7.098365306854248047e+00
-5.160827636718750000e-01
6.301349163055419922e+00
1.320007705688476562e+01
1.558324909210205078e+01
1.581094932556152344e+01
1.348214435577392578e+01
1.082206916809082031e+01
9.254579544067382812e+00
8.211134910583496094e+00
7.997182369232177734e+00
7.942276477813720703e+00
5.108299732208251953e+00
2.099994421005249023e+00
-1.924298048019409180e+00
-3.395304679870605469e+00
-6.486127376556396484e+00
-9.363519668579101562e+00
-9.521823883056640625e+00
-6.914264202117919922e+00
-4.431690692901611328e+00
-6.056033611297607422e+00
-7.542455196380615234e+00
-7.281802177429199219e+00
-5.284056186676025391e+00
-3.132269144058227539e+00
-2.225978612899780273e+00
8.830549120903015137e-01
4.086409568786621094e+00
4.929309368133544922e+00
8.919876098632812500e+00
8.246947288513183594e+00
5.335073471069335938e+00
1.622617483139038086e+00
-1.046357631683349609e+00
-4.616038799285888672e+00
-1.628008079528808594e+01
-2.010811805725097656e+01
-1.777053833007812500e+01
-1.418987846374511719e+01
-1.745103645324707031e+01
-1.548866271972656250e+01
-1.370611953735351562e+01
-1.473588275909423828e+01
-1.169871616363525391e+01
-1.288970565795898438e+01
-7.081318378448486328e+00
-6.460032463073730469e+00
-2.148754596710205078e+00
-2.846843481063842773e+00
-1.029492974281311035e+00
8.256977051496505737e-02
1.339887619018554688e+00
3.768226146697998047e+00
-1.685469865798950195e+00
-2.402254581451416016e+00
-4.844083309173583984e+00
-5.803407669067382812e+00
-5.933713436126708984e+00
-9.439085006713867188e+00
-8.984983444213867188e+00
-7.604071140289306641e+00
-5.398298740386962891e+00
-6.953436374664306641e+00
-4.953429698944091797e+00
-2.420913934707641602e+00
3.959059476852416992e+00
4.224271774291992188e+00
5.842561721801757812e+00
1.094574451446533203e+01
6.608458042144775391e+00
7.591420650482177734e+00
7.773683547973632812e+00
1.101546096801757812e+01
1.196121978759765625e+01
1.295663070678710938e+01
1.489034366607666016e+01
1.589836978912353516e+01
1.129773426055908203e+01
7.592512607574462891e+00
2.133956193923950195e+00
1.650016188621520996e+00
3.804908037185668945e+00
9.416169166564941406e+00
1.182626533508300781e+01
1.322512626647949219e+01
9.855316162109375000e+00
3.869711637496948242e+00
-4.461688995361328125e+00
-4.625534057617187500e+00
-3.633664131164550781e+00
-5.025929808616638184e-01
4.941514968872070312e+00
5.551661014556884766e+00
-2.686521783471107483e-02
-5.961786270141601562e+00
-7.454025268554687500e+00
-3.977319478988647461e+00
2.131127357482910156e+00
9.199926376342773438e+00
1.350877475738525391e+01
1.575253009796142578e+01
1.410611534118652344e+01
1.161506938934326172e+01
9.364142417907714844e+00
5.997730255126953125e+00
6.863565444946289062e+00
7.328241348266601562e+00
5.715026378631591797e+00
2.807984828948974609e+00
-6.706649661064147949e-01
-1.310507297515869141e+00
-5.196161746978759766e+00
-7.632163524627685547e+00
-8.383974075317382812e+00
-9.588027954101562500e+00
-6.233315944671630859e+00
-8.223340034484863281e+00
-9.704156875610351562e+00
-8.537208557128906250e+00
-7.173573493957519531e+00
-6.688484191894531250e+00
-3.860707759857177734e+00
3.481557369232177734e-01
4.607510566711425781e+00
4.894096851348876953e+00
6.464128017425537109e+00
6.483654022216796875e+00
6.011125564575195312e+00
2.417130231857299805e+00
-1.299737930297851562e+00
-4.606019020080566406e+00
-1.007137966156005859e+01
-1.497259807586669922e+01
-1.621982383728027344e+01
-1.600385475158691406e+01
-1.648376464843750000e+01
-1.598012256622314453e+01
-1.374927806854248047e+01
-1.297585678100585938e+01
-9.533108711242675781e+00
-1.404614925384521484e+01
-9.185111045837402344e+00
-4.527686595916748047e+00
-3.930043458938598633e+00
-1.819709837436676025e-01
-4.111910343170166016e+00
-6.020376682281494141e-01
2.580218076705932617e+00
3.631828546524047852e+00
8.526871204376220703e-01
-3.496577978134155273e+00
-4.019703388214111328e+00
-6.412066936492919922e+00
-6.259130954742431641e+00
-8.178080558776855469e+00
-7.348992347717285156e+00
-8.449354171752929688e+00
-8.072718620300292969e+00
-7.442438125610351562e+00
-7.356156349182128906e+00
-3.644598722457885742e+00
5.994380712509155273e-01
2.587122201919555664e+00
8.692729949951171875e+00
6.687065601348876953e+00
1.080336570739746094e+01
3.830042362213134766e+00
6.738278865814208984e+00
6.968252182006835938e+00
9.876358985900878906e+00
1.051137733459472656e+01
1.139784145355224609e+01
1.492341041564941406e+01
1.455252742767333984e+01
8.066655158996582031e+00
4.345793724060058594e+00
-1.579501867294311523e+00
2.405723571777343750e+00
6.595792770385742188e+00
1.024032592773437500e+01
1.128421497344970703e+01
1.107262229919433594e+01
6.563660621643066406e+00
-6.764103174209594727e-01
-5.008294105529785156e+00
-5.544027805328369141e+00
-5.248735904693603516e+00
-1.058476120233535767e-01
1.777315616607666016e+00
5.166805982589721680e-01
-2.014332532882690430e+00
-6.784414768218994141e+00
-4.971018314361572266e+00
2.092429697513580322e-01
9.869605064392089844e+00
1.485423088073730469e+01
1.585964965820312500e+01
1.490516662597656250e+01
1.212105941772460938e+01
1.052095794677734375e+01
8.746360778808593750e+00
8.526347160339355469e+00
8.575515747070312500e+00
8.938941001892089844e+00
3.629034519195556641e+00
-1.903961747884750366e-01
-7.612147927284240723e-01
-4.407150745391845703e+00
-8.023013114929199219e+00
-9.394808769226074219e+00
-9.100460052490234375e+00
-5.734417915344238281e+00
-3.349678516387939453e+00
-6.271426200866699219e+00
-8.316091537475585938e+00
-5.516722202301025391e+00
-4.694216251373291016e+00
-1.839998722076416016e+00
5.106715559959411621e-01
4.325165748596191406e+00
6.926536560058593750e+00
6.768191337585449219e+00
9.196578025817871094e+00
7.500559329986572266e+00
1.882714390754699707e+00
3.838687837123870850e-01
-2.583844423294067383e+00
-4.944176673889160156e+00
-1.640227317810058594e+01
-1.827931404113769531e+01
-1.800728416442871094e+01
-1.532033824920654297e+01
-1.776938247680664062e+01
-1.478268241882324219e+01
-1.394588947296142578e+01
-1.151274108886718750e+01
-1.137703418731689453e+01
-1.183264827728271484e+01
-6.425932884216308594e+00
-3.829656362533569336e+00
-1.260970115661621094e+00
-1.967839479446411133e+00
-1.200263977050781250e+00
4.539889097213745117e-01
2.542148113250732422e+00
2.792947053909301758e+00
-2.308648824691772461e+00
-3.032769680023193359e+00
-6.757621288299560547e+00
-8.009793281555175781e+00
-6.685663223266601562e+00
-6.282511711120605469e+00
-7.005076408386230469e+00
-7.777048110961914062e+00
-5.990639686584472656e+00
-5.613085269927978516e+00
-2.044106721878051758e+00
7.011548280715942383e-01
2.121990919113159180e+00
8.524346351623535156e+00
5.939879417419433594e+00
8.869885444641113281e+00
4.410124301910400391e+00
7.074071407318115234e+00
5.332307815551757812e+00
1.051345157623291016e+01
1.016419887542724609e+01
1.249908542633056641e+01
1.691707801818847656e+01
1.455771827697753906e+01
9.888739585876464844e+00
6.553174495697021484e+00
-1.368974000215530396e-01
3.536906957626342773e+00
7.258183479309082031e+00
1.228698825836181641e+01
1.193818283081054688e+01
1.107994747161865234e+01
8.521530151367187500e+00
2.582003355026245117e+00
-4.924591541290283203e+00
-3.996511936187744141e+00
-3.732079505920410156e+00
-2.274598598480224609e+00
3.251224756240844727e+00
2.390812397003173828e+00
-1.705034494400024414e+00
-6.392392635345458984e+00
-5.829791069030761719e+00
-3.085888385772705078e+00
7.005164146423339844e+00
1.404879760742187500e+01
1.694031143188476562e+01
1.454911899566650391e+01
1.323463630676269531e+01
1.169225311279296875e+01
7.837537765502929688e+00
7.730288028717041016e+00
8.643327713012695312e+00
9.009564399719238281e+00
5.778267860412597656e+00
4.638436436653137207e-01
-1.598458409309387207e+00
-4.907109260559082031e+00
-4.915588378906250000e+00
-9.030745506286621094e+00
-8.562138557434082031e+00
-6.531539440155029297e+00
-3.715255737304687500e+00
-5.770756244659423828e+00
-8.071993827819824219e+00
-9.012639045715332031e+00
-5.741985321044921875e+00
-6.060441970825195312e+00
-3.180105686187744141e+00
8.239863440394401550e-03
2.560142040252685547e+00
3.428070068359375000e+00
5.812402248382568359e+00
6.259757995605468750e+00
5.420228481292724609e+00
1.002120494842529297e+00
-1.466850161552429199e+00
-3.892569780349731445e+00
-1.675421333312988281e+01
-1.814460945129394531e+01
-1.627583122253417969e+01
-1.265981578826904297e+01
-1.397947597503662109e+01
-1.345742034912109375e+01
-1.261753368377685547e+01
-1.240792274475097656e+01
-1.172163772583007812e+01
-1.279287910461425781e+01
-8.707185745239257812e+00
-4.268362998962402344e+00
-3.239421367645263672e+00
-2.223096132278442383e+00
-2.493206739425659180e+00
8.083802461624145508e-02
1.508045196533203125e+00
4.037945270538330078e+00
-3.262804746627807617e-01
-2.624849557876586914e+00
-4.988562107086181641e+00
-6.031251430511474609e+00
-6.594413280487060547e+00
-8.071845054626464844e+00
-7.919590950012207031e+00
-9.021751403808593750e+00
-5.990108489990234375e+00
-9.000679016113281250e+00
-3.514352321624755859e+00
-2.790920257568359375e+00
4.440983772277832031e+00
5.429766178131103516e+00
6.160116195678710938e+00
1.060600566864013672e+01
5.407986164093017578e+00
7.118961334228515625e+00
6.579445838928222656e+00
8.519680976867675781e+00
1.236079883575439453e+01
1.167439937591552734e+01
1.464661884307861328e+01
1.652838134765625000e+01
1.319110870361328125e+01
6.577907085418701172e+00
7.368408441543579102e-01
1.361755132675170898e+00
6.662894248962402344e+00
9.216192245483398438e+00
1.199760818481445312e+01
1.366717243194580078e+01
1.112119770050048828e+01
4.313927173614501953e+00
-3.183647871017456055e+00
-3.855749845504760742e+00
-3.422608852386474609e+00
-2.186538457870483398e+00
1.918792843818664551e+00
2.866982936859130859e+00
7.412578463554382324e-01
-6.615309715270996094e+00
-7.272552490234375000e+00
-5.684814453125000000e+00
1.006806015968322754e+00
1.001581287384033203e+01
1.413637733459472656e+01
1.457110595703125000e+01
1.218892860412597656e+01
1.080713462829589844e+01
8.492338180541992188e+00
6.391938686370849609e+00
7.903514862060546875e+00
8.051052093505859375e+00
5.155052661895751953e+00
2.319385528564453125e+00
-1.022796750068664551e+00
-3.464542865753173828e+00
-6.169030189514160156e+00
-8.621709823608398438e+00
-9.175542831420898438e+00
-7.771882057189941406e+00
-3.272360563278198242e+00
-5.009151935577392578e+00
-6.469381809234619141e+00
-6.115725517272949219e+00
-4.355534553527832031e+00
-3.414099454879760742e+00
-1.700449824333190918e+00
5.708225369453430176e-01
7.633964061737060547e+00
7.526020050048828125e+00
7.148493766784667969e+00
8.048650741577148438e+00
7.878221988677978516e+00
2.301057815551757812e+00
-2.082504749298095703e+00
-4.833909511566162109e+00
-1.417341804504394531e+01
-1.715607643127441406e+01
-1.549772834777832031e+01
-1.246211433410644531e+01
-1.358262157440185547e+01
-1.494912433624267578e+01
-1.362965297698974609e+01
-1.376898384094238281e+01
-1.043136692047119141e+01
-1.321938705444335938e+01
-1.062335491180419922e+01
-5.489089488983154297e+00
-3.809909105300903320e+00
-2.976377010345458984e+00
-4.169361114501953125e+00
-1.043079257011413574e+00
2.515461444854736328e+00
4.158246994018554688e+00
8.930181264877319336e-01
-2.320010423660278320e+00
-4.371277332305908203e+00
-5.325255393981933594e+00
-5.663656711578369141e+00
-7.443049430847167969e+00
-7.615802764892578125e+00
-7.132139205932617188e+00
-4.529795169830322266e+00
-7.255721092224121094e+00
-4.418771743774414062e+00
-2.089554786682128906e+00
4.158501625061035156e+00
3.303007125854492188e+00
7.880568981170654297e+00
7.094065666198730469e+00
6.687432765960693359e+00
6.590974330902099609e+00
7.789014816284179688e+00
8.287633895874023438e+00
1.332585906982421875e+01
1.189202690124511719e+01
1.310297870635986328e+01
1.582864570617675781e+01
1.301103115081787109e+01
6.989966392517089844e+00
2.293411970138549805e+00
7.736893296241760254e-01
3.927230358123779297e+00
9.832600593566894531e+00
1.148430442810058594e+01
1.309579753875732422e+01
1.099294757843017578e+01
7.010449409484863281e+00
-1.767995238304138184e+00
-3.745085000991821289e+00
-4.408431053161621094e+00
-4.423124313354492188e+00
4.668802022933959961e-01
1.816456437110900879e+00
6.897782534360885620e-02
-4.576919078826904297e+00
-6.445318222045898438e+00
-5.372446537017822266e+00
9.403726458549499512e-02
8.107199668884277344e+00
1.231671142578125000e+01
1.562495136260986328e+01
1.310297870635986328e+01
1.245601654052734375e+01
1.134729576110839844e+01
7.797552585601806641e+00
7.686052799224853516e+00
8.818159103393554688e+00
7.978878498077392578e+00
4.715120315551757812e+00
