-1.361380920410156250e+02
-1.044502487182617188e+02
-1.062337951660156250e+02
-9.826294708251953125e+01
-1.115831298828125000e+02
-8.949294281005859375e+01
-9.101567840576171875e+01
-9.566796112060546875e+01
-1.079597091674804688e+02
-8.299235534667968750e+01
-6.808858489990234375e+01
-6.631491088867187500e+01
-7.433344268798828125e+01
-7.942284393310546875e+01
-5.399869918823242188e+01
-4.463272857666015625e+01
-3.394345092773437500e+01
-3.065722274780273438e+01
-1.923583412170410156e+01
-4.242754364013671875e+01
-7.195019531250000000e+01
-9.098843383789062500e+01
-8.822486114501953125e+01
-8.904821014404296875e+01
-1.244956741333007812e+02
-1.013617706298828125e+02
-7.611735534667968750e+01
-6.375722122192382812e+01
-3.262463760375976562e+01
-5.009437561035156250e+01
-6.504581451416015625e+01
-2.176040840148925781e+01
-4.507873916625976562e+01
-1.836677360534667969e+01
-2.327037429809570312e+01
-9.069900512695312500e+00
3.338293075561523438e+00
-1.105149650573730469e+01
-2.560182380676269531e+01
-3.878930282592773438e+01
-3.154781341552734375e+01
-6.319871902465820312e+00
-1.973116111755371094e+01
-6.602123260498046875e+00
-8.802314758300781250e+00
-1.375776290893554688e+01
-1.111435222625732422e+01
-1.819033741950988770e+00
-3.044405555725097656e+01
-5.943704605102539062e+01
-7.555537414550781250e+01
-8.358707427978515625e+01
-8.984619140625000000e+01
-8.895510864257812500e+01
-8.363613128662109375e+01
-8.416932678222656250e+01
-8.782862091064453125e+01
-8.423170471191406250e+01
-7.880201721191406250e+01
-7.114604949951171875e+01
-5.949277114868164062e+01
-5.578686904907226562e+01
-6.076754379272460938e+01
-6.261634063720703125e+01
-6.744210815429687500e+01
-5.777016448974609375e+01
-6.122663497924804688e+01
-5.117439651489257812e+01
-5.630230331420898438e+01
-4.435409164428710938e+01
-4.615844345092773438e+01
-5.726564788818359375e+01
-3.816161727905273438e+01
-4.393287277221679688e+01
-2.143278312683105469e+01
-1.190502834320068359e+01
1.670384216308593750e+01
3.063248062133789062e+01
1.736971893310546875e+02
-2.686327743530273438e+01
-7.102849578857421875e+01
-1.378975524902343750e+02
-7.724658203125000000e+01
-5.147190856933593750e+01
-1.055892105102539062e+02
-1.497528533935546875e+02
-1.177668991088867188e+02
-1.065260696411132812e+02
-1.013561630249023438e+02
-1.138170471191406250e+02
-9.452795410156250000e+01
-8.941037750244140625e+01
-1.005959472656250000e+02
-1.016152496337890625e+02
-9.545764923095703125e+01
-7.001499938964843750e+01
-6.680522155761718750e+01
-6.856038665771484375e+01
-8.440947723388671875e+01
-5.954144287109375000e+01
-4.972301101684570312e+01
-3.714775848388671875e+01
-3.368042755126953125e+01
-2.162036323547363281e+01
-3.559449005126953125e+01
-6.175803756713867188e+01
-9.256709289550781250e+01
-8.638564300537109375e+01
-8.941529083251953125e+01
-1.106562500000000000e+02
-1.131395950317382812e+02
-8.734732818603515625e+01
-6.334606552124023438e+01
-3.538972091674804688e+01
-4.470765304565429688e+01
-5.442803955078125000e+01
-1.042423915863037109e+01
-3.566191482543945312e+01
-3.073706436157226562e+01
-2.551709175109863281e+01
7.616259574890136719e+00
3.823155403137207031e+00
-1.094191169738769531e+01
-3.771265411376953125e+01
-3.424370956420898438e+01
-3.397114181518554688e+01
-1.896022796630859375e+01
-8.058270454406738281e+00
-2.399321365356445312e+01
-3.281785202026367188e+01
-1.963917160034179688e+01
1.492416000366210938e+01
6.886333942413330078e+00
-1.269607448577880859e+01
-3.548535537719726562e+01
-4.948509216308593750e+01
-6.799343109130859375e+01
-8.404943084716796875e+01
-9.584295654296875000e+01
-9.835640716552734375e+01
-9.640571594238281250e+01
-8.836185455322265625e+01
-8.368887329101562500e+01
-7.589080047607421875e+01
-7.020857238769531250e+01
-6.577934265136718750e+01
-5.621113967895507812e+01
-6.079442214965820312e+01
-6.079628753662109375e+01
-6.366025161743164062e+01
-6.839884185791015625e+01
-5.942022705078125000e+01
-5.818742752075195312e+01
-5.283071517944335938e+01
-5.236768341064453125e+01
-4.593803787231445312e+01
-4.322977447509765625e+01
-5.589881896972656250e+01
-3.183535575866699219e+01
-2.856635856628417969e+01
-2.690375328063964844e+00
8.770250320434570312e+00
2.005700874328613281e+01
2.898284912109375000e+01
-1.688978576660156250e+02
-2.903261375427246094e+01
-7.939007568359375000e+01
-1.565185241699218750e+02
-1.050976333618164062e+02
-1.075355606079101562e+02
-1.181483840942382812e+02
-1.441704559326171875e+02
-1.128456649780273438e+02
-1.016046142578125000e+02
-1.004849700927734375e+02
-1.121099700927734375e+02
-8.750024414062500000e+01
-9.367743682861328125e+01
-9.718298339843750000e+01
-1.014395675659179688e+02
-9.156240844726562500e+01
-6.875857543945312500e+01
-6.638806152343750000e+01
-6.895836639404296875e+01
-7.557219696044921875e+01
-5.577027130126953125e+01
-5.123265457153320312e+01
-4.149756622314453125e+01
-3.543679809570312500e+01
-2.121992874145507812e+01
-4.011014938354492188e+01
-6.912757110595703125e+01
-9.219445800781250000e+01
-8.812145996093750000e+01
-8.926229095458984375e+01
-1.204601974487304688e+02
-1.095851058959960938e+02
-8.808113861083984375e+01
-6.032268905639648438e+01
-3.372879791259765625e+01
-4.764044189453125000e+01
-6.164258956909179688e+01
-4.729496479034423828e+00
-4.136637878417968750e+01
-2.642172431945800781e+01
-2.560266685485839844e+01
-6.107456207275390625e+00
8.961418151855468750e+00
-8.638486862182617188e+00
-3.822664260864257812e+01
-3.548587417602539062e+01
-1.679115891456604004e+00
-3.832469463348388672e+00
-1.131115245819091797e+01
-2.678952026367187500e+01
-2.410838890075683594e+01
-1.297762680053710938e+01
2.975728511810302734e+00
-3.545312166213989258e+00
-2.660416412353515625e+01
-4.554817962646484375e+01
-5.726638793945312500e+01
-6.884929656982421875e+01
-7.973647308349609375e+01
-8.736006164550781250e+01
-9.094784545898437500e+01
-9.275506591796875000e+01
-9.307173156738281250e+01
-9.000001525878906250e+01
-7.431318664550781250e+01
-6.258400726318359375e+01
-5.704115676879882812e+01
-5.163124465942382812e+01
-6.213205337524414062e+01
-5.862765502929687500e+01
-6.320143508911132812e+01
-5.852052688598632812e+01
-5.749714660644531250e+01
-5.458549118041992188e+01
-5.912759017944335938e+01
-4.528612136840820312e+01
-5.104529953002929688e+01
-4.970884323120117188e+01
-5.330759811401367188e+01
-3.843580245971679688e+01
-1.438182258605957031e+01
-2.928137588500976562e+01
1.274188327789306641e+01
1.167402744293212891e+01
1.311315612792968750e+02
-3.310166168212890625e+01
-7.770909881591796875e+01
-8.268379974365234375e+01
-1.424595794677734375e+02
-8.187345123291015625e+01
-1.171881790161132812e+02
-1.425449371337890625e+02
-1.226222763061523438e+02
-1.031549453735351562e+02
-1.046167602539062500e+02
-1.009665451049804688e+02
-1.044604415893554688e+02
-8.671707916259765625e+01
-1.021276168823242188e+02
-9.876925659179687500e+01
-9.981040954589843750e+01
-7.332398223876953125e+01
-6.858627319335937500e+01
-6.232154083251953125e+01
-8.594278717041015625e+01
-6.423934173583984375e+01
-5.225268554687500000e+01
-4.191618347167968750e+01
-4.197737884521484375e+01
-2.766779899597167969e+01
-2.723218345642089844e+01
-4.143590164184570312e+01
-9.207908630371093750e+01
-8.819734191894531250e+01
-9.210276031494140625e+01
-1.042011108398437500e+02
-1.155445098876953125e+02
-9.658239746093750000e+01
-7.036177062988281250e+01
-6.694297790527343750e+01
-3.293572998046875000e+01
-5.285877990722656250e+01
-4.493770599365234375e+01
-2.420690917968750000e+01
-3.837598037719726562e+01
-2.415294265747070312e+01
-1.852438545227050781e+01
-5.446617603302001953e+00
-4.135005474090576172e+00
-3.500052642822265625e+01
-2.819269943237304688e+01
-4.491507339477539062e+01
-8.507742881774902344e+00
-1.410966014862060547e+01
-2.410459327697753906e+01
-3.115151977539062500e+01
-2.438232421875000000e+01
-2.884323692321777344e+01
-1.010537052154541016e+01
-1.325862979888916016e+01
-3.831554031372070312e+01
-6.384281539916992188e+01
-7.938227081298828125e+01
-8.386075592041015625e+01
-8.771035003662109375e+01
-8.655906677246093750e+01
-8.516049957275390625e+01
-8.805752563476562500e+01
-8.436966705322265625e+01
-7.633843231201171875e+01
-6.614768218994140625e+01
-5.991806030273437500e+01
-4.508531951904296875e+01
-4.733005905151367188e+01
-4.842285537719726562e+01
-6.093844223022460938e+01
-5.840541839599609375e+01
-5.899470901489257812e+01
-5.052542877197265625e+01
-5.006864929199218750e+01
-3.864992523193359375e+01
-4.758102798461914062e+01
-4.000733566284179688e+01
-3.813649749755859375e+01
-1.632060241699218750e+01
1.422968387603759766e+00
-1.268141746520996094e+00
1.398598384857177734e+01
4.164658069610595703e+00
5.567115402221679688e+01
-1.077978744506835938e+02
-8.484476470947265625e+01
-6.138720703125000000e+01
-1.374364471435546875e+02
-5.275033187866210938e+01
-1.094148101806640625e+02
-1.300937500000000000e+02
-1.334895935058593750e+02
-1.042935485839843750e+02
-1.045425109863281250e+02
-1.019674606323242188e+02
-1.020962371826171875e+02
-8.117465209960937500e+01
-9.584396362304687500e+01
-9.431684875488281250e+01
-1.038272857666015625e+02
-7.542140960693359375e+01
-6.632266235351562500e+01
-5.855453109741210938e+01
-7.848321533203125000e+01
-6.741193389892578125e+01
-5.507697296142578125e+01
-4.522012329101562500e+01
-3.507870101928710938e+01
-2.598863410949707031e+01
-2.391217422485351562e+01
-4.538706207275390625e+01
-9.071902465820312500e+01
-8.759313201904296875e+01
-8.817237854003906250e+01
-9.092458343505859375e+01
-1.245368041992187500e+02
-1.203962631225585938e+02
-8.241473388671875000e+01
-6.830034637451171875e+01
-3.313337707519531250e+01
-6.113180541992187500e+01
-5.352872467041015625e+01
-2.173514175415039062e+01
-4.661417770385742188e+01
-1.845346260070800781e+01
-1.419568538665771484e+01
2.113175630569458008e+00
-5.028388977050781250e+00
-3.942666625976562500e+01
-2.265072822570800781e+01
-3.693529510498046875e+01
-1.617460441589355469e+01
2.136633396148681641e+00
-1.825179100036621094e+01
-2.306585121154785156e+01
-1.530467510223388672e+01
-1.355036497116088867e+00
1.851514935493469238e+00
3.533916950225830078e+00
-1.095680046081542969e+01
-3.514825820922851562e+01
-5.225476074218750000e+01
-7.252585601806640625e+01
-8.765153503417968750e+01
-9.762545776367187500e+01
-9.457785034179687500e+01
-8.982249450683593750e+01
-8.112550354003906250e+01
-7.767977142333984375e+01
-6.612889862060546875e+01
-5.898760986328125000e+01
-5.380401229858398438e+01
-4.530209350585937500e+01
-5.621254730224609375e+01
-5.649428939819335938e+01
-6.066754913330078125e+01
-6.265176773071289062e+01
-5.695665359497070312e+01
-5.591780471801757812e+01
-5.417838668823242188e+01
-4.594733047485351562e+01
-4.671248245239257812e+01
-4.346386337280273438e+01
-5.237942123413085938e+01
-2.475341224670410156e+01
-1.301449966430664062e+01
-5.153989315032958984e+00
1.807091331481933594e+01
2.228132438659667969e+01
4.018231582641601562e+01
-1.174647445678710938e+02
-1.831350708007812500e+01
-7.097962951660156250e+01
-1.497032775878906250e+02
-8.019847106933593750e+01
-1.113652420043945312e+02
-1.233370285034179688e+02
-1.383078918457031250e+02
-1.052206573486328125e+02
-1.087705764770507812e+02
-1.017487182617187500e+02
-1.072237701416015625e+02
-8.476644897460937500e+01
-9.944334411621093750e+01
-9.725130462646484375e+01
-1.042619400024414062e+02
-7.892373657226562500e+01
-6.634307098388671875e+01
-6.080175018310546875e+01
-7.900809478759765625e+01
-6.579332733154296875e+01
-5.444087219238281250e+01
-4.559103012084960938e+01
-3.811231231689453125e+01
-3.040032577514648438e+01
-2.206901168823242188e+01
-4.193462753295898438e+01
-8.950907135009765625e+01
-8.900422668457031250e+01
-9.142184448242187500e+01
-9.214787292480468750e+01
-1.186462860107421875e+02
-1.087487869262695312e+02
-6.907888031005859375e+01
-6.109297561645507812e+01
-3.234061431884765625e+01
-5.963149261474609375e+01
-6.092569732666015625e+01
-2.350392341613769531e+01
-4.429410171508789062e+01
-2.638001823425292969e+01
-2.859558296203613281e+01
-7.594229578971862793e-01
-2.049390077590942383e+00
-3.259942626953125000e+01
-2.566915512084960938e+01
-3.383948516845703125e+01
-1.554292291402816772e-01
-1.028209590911865234e+01
-1.837636756896972656e+01
-3.704480361938476562e+01
-3.225318908691406250e+01
4.467964172363281250e-01
6.164512634277343750e+00
-1.317223262786865234e+01
-3.042090415954589844e+01
-4.751153564453125000e+01
-5.914922714233398438e+01
-7.301700592041015625e+01
-8.520069122314453125e+01
-9.347568511962890625e+01
-9.521277618408203125e+01
-9.341074371337890625e+01
-9.255528259277343750e+01
-8.648630523681640625e+01
-7.328620910644531250e+01
-6.282614898681640625e+01
-5.360723876953125000e+01
-5.047819137573242188e+01
-6.169661331176757812e+01
-6.005153656005859375e+01
-6.538656616210937500e+01
-6.059105300903320312e+01
-5.706290435791015625e+01
-5.276791000366210938e+01
-5.611270523071289062e+01
-4.166606140136718750e+01
-4.595800781250000000e+01
-3.475166320800781250e+01
-2.864818382263183594e+01
-1.644977569580078125e+01
-6.094254970550537109e+00
-3.543556976318359375e+01
-8.052731513977050781e+00
-4.478111743927001953e+00
1.369627227783203125e+02
-5.684733963012695312e+01
-7.498358917236328125e+01
-8.046149444580078125e+01
-1.360952301025390625e+02
-4.983524322509765625e+01
-1.105572509765625000e+02
-1.406976165771484375e+02
-1.186600036621093750e+02
-9.958376312255859375e+01
-1.001468887329101562e+02
-1.009171218872070312e+02
-1.020096282958984375e+02
-8.210395050048828125e+01
-9.542574310302734375e+01
-1.018982696533203125e+02
-1.001841049194335938e+02
-7.475179290771484375e+01
-6.930841827392578125e+01
-6.052265548706054688e+01
-8.406585693359375000e+01
-6.137324523925781250e+01
-5.390652847290039062e+01
-4.163486099243164062e+01
-3.667112731933593750e+01
-2.027478981018066406e+01
-3.075189971923828125e+01
-5.482772827148437500e+01
-9.487516021728515625e+01
-8.416596221923828125e+01
-8.839300537109375000e+01
-1.113844680786132812e+02
-1.234477081298828125e+02
-1.084787597656250000e+02
-7.914263153076171875e+01
-5.963327407836914062e+01
-4.255184173583984375e+01
-6.147932052612304688e+01
-5.525927352905273438e+01
-3.282681274414062500e+01
-3.315102767944335938e+01
-2.080391883850097656e+01
-2.153800201416015625e+01
-3.355364561080932617e+00
-1.287454986572265625e+01
-4.376916885375976562e+01
-3.472900390625000000e+01
-4.450683593750000000e+01
-5.915110588073730469e+00
-1.771729850769042969e+01
-5.110232353210449219e+00
1.206469726562500000e+01
8.961146354675292969e+00
5.731987953186035156e+00
4.363157272338867188e+00
-2.521171951293945312e+01
-5.107244110107421875e+01
-7.076928710937500000e+01
-8.047359466552734375e+01
-8.835615539550781250e+01
-9.098123168945312500e+01
-8.669599914550781250e+01
-8.544541168212890625e+01
-8.941400909423828125e+01
-8.940946197509765625e+01
-8.486207580566406250e+01
-7.561726379394531250e+01
-6.526596832275390625e+01
-5.605804824829101562e+01
-5.970096969604492188e+01
-5.652594757080078125e+01
-6.649337768554687500e+01
-5.903583145141601562e+01
-5.771552276611328125e+01
-4.964444351196289062e+01
-5.768011474609375000e+01
-4.319947814941406250e+01
-4.722626495361328125e+01
-4.526977157592773438e+01
-3.594395446777343750e+01
-2.844331741333007812e+01
-1.485627651214599609e+01
-3.235386276245117188e+01
6.143948078155517578e+00
4.110152721405029297e+00
8.709530639648437500e+01
-1.774858665466308594e+01
-7.980848693847656250e+01
-5.544284439086914062e+01
-1.274227981567382812e+02
-5.149739456176757812e+01
-9.646929931640625000e+01
-1.303909759521484375e+02
-1.327544555664062500e+02
-1.036223526000976562e+02
-1.033290481567382812e+02
-1.031293487548828125e+02
-1.044099655151367188e+02
-8.640047454833984375e+01
-1.016759872436523438e+02
-9.874224853515625000e+01
-1.070019149780273438e+02
-7.658117675781250000e+01
-6.933388519287109375e+01
-6.075065231323242188e+01
-8.308468627929687500e+01
-6.281148529052734375e+01
-5.377243423461914062e+01
-4.431142807006835938e+01
-3.688261032104492188e+01
-2.757741928100585938e+01
-2.694996452331542969e+01
-4.308209609985351562e+01
-9.056418609619140625e+01
-8.816896057128906250e+01
-9.177530670166015625e+01
-9.033866119384765625e+01
-1.128144989013671875e+02
-1.062898788452148438e+02
-6.994293975830078125e+01
-5.611289215087890625e+01
-3.533502197265625000e+01
-5.691934967041015625e+01
-5.311828231811523438e+01
-2.295161628723144531e+01
-4.363689041137695312e+01
-2.063252449035644531e+01
-8.390337944030761719e+00
1.279144167900085449e+00
-6.756115913391113281e+00
-3.505549240112304688e+01
-2.881347465515136719e+01
-3.615905380249023438e+01
-3.521329498291015625e+01
-7.819295406341552734e+00
-1.721461486816406250e+01
-2.962127685546875000e+01
-3.006908798217773438e+01
1.907348752021789551e+00
-2.178704887628555298e-01
-2.457307577133178711e+00
-1.983001327514648438e+01
-4.062856674194335938e+01
-5.971876144409179688e+01
-7.619506835937500000e+01
-8.882411193847656250e+01
-9.500074005126953125e+01
-9.524730682373046875e+01
-9.214720153808593750e+01
-8.256754302978515625e+01
-7.431505584716796875e+01
-6.577938842773437500e+01
-6.114200973510742188e+01
-4.720140075683593750e+01
-4.678574371337890625e+01
-5.376433181762695312e+01
-5.185343551635742188e+01
-6.696490478515625000e+01
-5.857641220092773438e+01
-5.590235137939453125e+01
-4.053089904785156250e+01
-4.335258102416992188e+01
-2.956760597229003906e+01
-3.378008270263671875e+01
-2.274599266052246094e+01
-2.018921661376953125e+01
-1.572467136383056641e+01
-6.258861541748046875e+00
-1.007979297637939453e+01
1.720245742797851562e+01
1.882251358032226562e+01
-1.777630920410156250e+02
-8.274291229248046875e+01
-8.951948547363281250e+01
-4.210332870483398438e+01
-1.220979690551757812e+02
-5.600485992431640625e+01
-1.224323196411132812e+02
-1.388001861572265625e+02
-1.230184555053710938e+02
-1.014507446289062500e+02
-1.005628738403320312e+02
-1.016370391845703125e+02
-9.261785888671875000e+01
-8.609105682373046875e+01
-9.484502410888671875e+01
-9.944985198974609375e+01
-9.910403442382812500e+01
-7.160260772705078125e+01
-6.599454498291015625e+01
-6.318608093261718750e+01
-8.032173156738281250e+01
-5.783475112915039062e+01
-5.888727569580078125e+01
-4.597389984130859375e+01
-3.949368667602539062e+01
-2.142225456237792969e+01
-2.797761726379394531e+01
-5.480977249145507812e+01
-9.615987396240234375e+01
-8.965611267089843750e+01
-9.011367797851562500e+01
-1.141869659423828125e+02
-1.256883773803710938e+02
-1.133615188598632812e+02
-7.687284088134765625e+01
-4.453712463378906250e+01
-4.018089675903320312e+01
-5.704212570190429688e+01
-1.300297927856445312e+01
-4.139136886596679688e+01
-3.033217811584472656e+01
-2.409711456298828125e+01
-1.502850818634033203e+01
3.715867519378662109e+00
-1.317751407623291016e+01
-4.853501892089843750e+01
-2.913211631774902344e+01
-2.039239311218261719e+01
-2.172444105148315430e+00
-1.277822494506835938e+01
-2.776647567749023438e+01
-3.213948440551757812e+01
-1.317006206512451172e+01
-5.925038456916809082e-01
-6.492855072021484375e+00
-2.437679481506347656e+01
-4.362826538085937500e+01
-5.969053268432617188e+01
-7.232874298095703125e+01
-8.163806152343750000e+01
-8.925396728515625000e+01
-8.897019958496093750e+01
-8.638067626953125000e+01
-8.420037078857421875e+01
-8.208049774169921875e+01
-7.340933227539062500e+01
-6.439945983886718750e+01
-6.098221206665039062e+01
-4.779294967651367188e+01
-5.609057235717773438e+01
-5.705288696289062500e+01
-6.147401046752929688e+01
-6.234105682373046875e+01
-5.250689315795898438e+01
-4.968403244018554688e+01
-4.085139465332031250e+01
-3.616054916381835938e+01
-3.227655410766601562e+01
-2.433861351013183594e+01
-3.367727279663085938e+01
-1.522604274749755859e+01
-1.751568603515625000e+01
-1.205177974700927734e+01
-7.891577720642089844e+00
-2.081378936767578125e+01
-5.444636917114257812e+01
-1.042719879150390625e+02
-7.033580780029296875e+01
-7.696496582031250000e+01
-1.548087005615234375e+02
-8.908760833740234375e+01
-1.255381164550781250e+02
-1.333245239257812500e+02
-1.372471618652343750e+02
-1.035501861572265625e+02
-1.041750946044921875e+02
-9.770519256591796875e+01
-1.089466857910156250e+02
-8.422006225585937500e+01
-8.973375701904296875e+01
-9.392767333984375000e+01
-1.053447036743164062e+02
-8.062561035156250000e+01
-6.929715728759765625e+01
-6.180968093872070312e+01
-7.059403228759765625e+01
-7.587274932861328125e+01
-5.733413314819335938e+01
-4.731243515014648438e+01
-3.759765243530273438e+01
-3.108774566650390625e+01
-1.888763236999511719e+01
-4.486378479003906250e+01
-7.686508178710937500e+01
-8.958511352539062500e+01
-8.438832092285156250e+01
-8.639097595214843750e+01
-1.344404296875000000e+02
-1.335437774658203125e+02
-1.016329574584960938e+02
-1.029560699462890625e+02
-2.422245597839355469e+01
-4.639184188842773438e+01
-5.410261535644531250e+01
-1.626025962829589844e+01
-4.345714950561523438e+01
-2.012369155883789062e+01
-2.385654258728027344e+01
-1.776783752441406250e+01
-1.205537414550781250e+01
-3.506502532958984375e+01
-3.653221130371093750e+01
-4.323781585693359375e+01
-3.192152214050292969e+01
-2.024994468688964844e+01
-1.730842781066894531e+01
-1.874553680419921875e+01
-2.572894096374511719e+01
-2.325690269470214844e+01
-2.321193695068359375e+01
-1.919926285743713379e+00
-1.943959999084472656e+01
-4.285466003417968750e+01
-6.075841903686523438e+01
-6.983744049072265625e+01
-7.738074493408203125e+01
-8.346024322509765625e+01
-8.229526519775390625e+01
-8.094927978515625000e+01
-8.215861511230468750e+01
-7.333557128906250000e+01
-6.409685516357421875e+01
-5.177350234985351562e+01
-4.469272613525390625e+01
-3.901808929443359375e+01
-5.156934356689453125e+01
-5.441139984130859375e+01
-6.971738433837890625e+01
-6.276694107055664062e+01
-6.361548614501953125e+01
-5.371187591552734375e+01
-5.768949127197265625e+01
-4.417649078369140625e+01
-4.811340713500976562e+01
-4.744824981689453125e+01
-3.409494400024414062e+01
-2.765507507324218750e+01
-1.943009376525878906e+00
-4.554501056671142578e+00
2.275541496276855469e+01
2.231038475036621094e+01
9.097922515869140625e+01
-1.445394706726074219e+01
-8.438008880615234375e+01
-6.951870727539062500e+01
-1.200613403320312500e+02
-6.019310379028320312e+01
-1.063528060913085938e+02
-1.362785644531250000e+02
-1.257545318603515625e+02
-1.027502365112304688e+02
-1.011806030273437500e+02
-1.050698852539062500e+02
-9.742463684082031250e+01
-8.727104187011718750e+01
-1.017103424072265625e+02
-1.007479324340820312e+02
-1.025049514770507812e+02
-7.205679321289062500e+01
-6.779241180419921875e+01
-6.102178573608398438e+01
-8.305946350097656250e+01
-6.205151748657226562e+01
-5.408952331542968750e+01
-4.163905334472656250e+01
-3.707362747192382812e+01
-2.259301567077636719e+01
-3.462724304199218750e+01
-5.726317977905273438e+01
-9.506015014648437500e+01
-8.504916381835937500e+01
-8.915515899658203125e+01
-1.068626861572265625e+02
-1.132500076293945312e+02
-1.042513198852539062e+02
-6.802612304687500000e+01
-4.658359527587890625e+01
-4.411084747314453125e+01
-5.805687332153320312e+01
-2.705318069458007812e+01
-3.625668334960937500e+01
-3.233073043823242188e+01
-2.324086952209472656e+01
-1.333172559738159180e+00
6.475449562072753906e+00
-1.259394931793212891e+01
-4.915066146850585938e+01
-3.065714454650878906e+01
-3.278853225708007812e+01
-2.785889990627765656e-02
-4.187158107757568359e+00
-2.243606567382812500e+01
-2.853340339660644531e+01
-1.977493858337402344e+01
5.396199703216552734e+00
1.207138061523437500e+01
1.970349788665771484e+00
-1.878939437866210938e+01
-3.728432846069335938e+01
-5.614058303833007812e+01
-7.639091491699218750e+01
-8.954464721679687500e+01
-9.767054748535156250e+01
-9.675248718261718750e+01
-8.869607543945312500e+01
-7.819363403320312500e+01
-7.378068542480468750e+01
-6.595165252685546875e+01
-6.177435684204101562e+01
-5.088394927978515625e+01
-4.814556121826171875e+01
-5.746373367309570312e+01
-5.339949035644531250e+01
-6.590900421142578125e+01
-6.361876678466796875e+01
-6.235596084594726562e+01
-5.680131149291992188e+01
-5.982280731201171875e+01
-5.014001464843750000e+01
-5.922366333007812500e+01
-5.483631515502929688e+01
-5.515910720825195312e+01
-3.883371734619140625e+01
-1.073850250244140625e+01
-1.449378585815429688e+01
2.045769882202148438e+01
1.485102176666259766e+01
8.405899810791015625e+01
-6.903868103027343750e+01
-5.900749206542968750e+01
-6.406182098388671875e+01
-1.256407699584960938e+02
-4.892310333251953125e+01
-1.051720657348632812e+02
-1.262200012207031250e+02
-1.242772064208984375e+02
-9.960096740722656250e+01
-1.032860183715820312e+02
-1.075299606323242188e+02
-1.016197967529296875e+02
-8.586708831787109375e+01
-9.933022308349609375e+01
-9.934104919433593750e+01
-1.018425750732421875e+02
-7.321394348144531250e+01
-6.764354705810546875e+01
-6.389751434326171875e+01
-8.595993041992187500e+01
-6.113558197021484375e+01
-5.469377136230468750e+01
-4.230261611938476562e+01
-3.304936599731445312e+01
-2.395302200317382812e+01
-2.500625991821289062e+01
-4.716065979003906250e+01
-9.622576904296875000e+01
-8.786132812500000000e+01
-9.125031280517578125e+01
-9.162274932861328125e+01
-1.159594421386718750e+02
-1.003775787353515625e+02
-6.432103729248046875e+01
-5.732225418090820312e+01
-3.914694213867187500e+01
-6.133478546142578125e+01
-5.401757049560546875e+01
-2.811943626403808594e+01
-4.549998855590820312e+01
-2.335015487670898438e+01
-2.262943077087402344e+01
4.865596771240234375e+00
-1.114928007125854492e+00
-3.615560913085937500e+01
-2.693041038513183594e+01
-2.975067901611328125e+01
3.207680702209472656e+00
-7.539959430694580078e+00
-2.440560913085937500e+01
-3.626937103271484375e+01
-2.632564926147460938e+01
6.870493888854980469e+00
4.413616180419921875e+00
-1.313026237487792969e+01
-2.803412818908691406e+01
-4.366318511962890625e+01
-5.580025863647460938e+01
-7.103467559814453125e+01
-8.944527435302734375e+01
-9.381930541992187500e+01
-9.611318969726562500e+01
-9.287252807617187500e+01
-9.033390045166015625e+01
-8.052134704589843750e+01
