-5.946336746215820312e+01
-6.419119262695312500e+01
-6.110794067382812500e+01
-6.586613464355468750e+01
-7.205404663085937500e+01
-7.055456542968750000e+01
-7.744962310791015625e+01
-8.630494689941406250e+01
-8.513910675048828125e+01
-8.841481018066406250e+01
-8.234671783447265625e+01
-8.847248077392578125e+01
-8.200048828125000000e+01
-7.949707031250000000e+01
-6.970227050781250000e+01
-7.827057647705078125e+01
-7.652891540527343750e+01
-8.093403625488281250e+01
-7.690767669677734375e+01
-7.491986083984375000e+01
-7.597841644287109375e+01
-7.627944946289062500e+01
-8.164470672607421875e+01
-8.371773529052734375e+01
-8.028469085693359375e+01
-8.135771942138671875e+01
-8.184671020507812500e+01
-8.507712554931640625e+01
-8.318286895751953125e+01
-8.085363006591796875e+01
-7.819666290283203125e+01
-7.543602752685546875e+01
-7.328059387207031250e+01
-6.970063781738281250e+01
-6.944018554687500000e+01
-6.714306640625000000e+01
-7.529973602294921875e+01
-8.436956787109375000e+01
-9.084090423583984375e+01
-9.545601654052734375e+01
-9.868989562988281250e+01
-1.020881271362304688e+02
-9.990261077880859375e+01
-9.861446380615234375e+01
-9.658201599121093750e+01
-1.005980453491210938e+02
-1.038466873168945312e+02
-1.029127120971679688e+02
-9.738572692871093750e+01
-9.614886474609375000e+01
-9.599987030029296875e+01
-9.434207916259765625e+01
-9.022180938720703125e+01
-9.617127990722656250e+01
-9.918357849121093750e+01
-9.949555206298828125e+01
-8.864523315429687500e+01
-9.198925018310546875e+01
-8.927606201171875000e+01
-8.340984344482421875e+01
-8.206668090820312500e+01
-8.313959503173828125e+01
-7.902431488037109375e+01
-7.320954895019531250e+01
-6.921430969238281250e+01
-6.087897109985351562e+01
-5.792671203613281250e+01
-5.673098373413085938e+01
-5.386322021484375000e+01
-5.278064346313476562e+01
-5.241474533081054688e+01
-5.426797866821289062e+01
-5.214152908325195312e+01
-5.329615402221679688e+01
-5.273872756958007812e+01
-5.063629531860351562e+01
-4.559101867675781250e+01
-4.162061691284179688e+01
-4.102063751220703125e+01
-4.322875595092773438e+01
-4.577683639526367188e+01
-5.047327423095703125e+01
-5.437361526489257812e+01
-5.916574859619140625e+01
-6.131068801879882812e+01
-6.147159957885742188e+01
-5.991913986206054688e+01
-6.103901672363281250e+01
-5.951442337036132812e+01
-6.399310302734375000e+01
-6.129764938354492188e+01
-6.195994567871093750e+01
-7.101024627685546875e+01
-7.170661926269531250e+01
-7.269770812988281250e+01
-8.370031738281250000e+01
-8.478912353515625000e+01
-8.670230102539062500e+01
-8.388426208496093750e+01
-8.545883178710937500e+01
-8.636470031738281250e+01
-7.947212982177734375e+01
-7.526921844482421875e+01
-7.691304016113281250e+01
-7.917086029052734375e+01
-8.089183807373046875e+01
-7.458553314208984375e+01
-7.778419494628906250e+01
-7.332688903808593750e+01
-7.436304473876953125e+01
-7.781201171875000000e+01
-7.891635131835937500e+01
-8.186629486083984375e+01
-7.793279266357421875e+01
-8.229553985595703125e+01
-8.569888305664062500e+01
-8.078870391845703125e+01
-7.785069274902343750e+01
-7.723837280273437500e+01
-7.593835449218750000e+01
-7.465751647949218750e+01
-7.419618225097656250e+01
-7.068578338623046875e+01
-6.764398956298828125e+01
-6.746486663818359375e+01
-7.859432220458984375e+01
-8.693469238281250000e+01
-9.415450286865234375e+01
-9.781876373291015625e+01
-1.021981887817382812e+02
-1.020560150146484375e+02
-1.022923965454101562e+02
-9.736031341552734375e+01
-9.994051361083984375e+01
-1.062214126586914062e+02
-1.035480041503906250e+02
-1.017539978027343750e+02
-9.618424987792968750e+01
-9.571533203125000000e+01
-9.344576263427734375e+01
-9.034409332275390625e+01
-9.726315307617187500e+01
-9.977233886718750000e+01
-9.937097167968750000e+01
-9.495435333251953125e+01
-9.147158813476562500e+01
-8.898075103759765625e+01
-8.790105438232421875e+01
-8.272447204589843750e+01
-8.247714233398437500e+01
-7.947980499267578125e+01
-7.487586975097656250e+01
-6.859786987304687500e+01
-6.456856536865234375e+01
-5.772518920898437500e+01
-5.808185958862304688e+01
-5.833163452148437500e+01
-5.430175018310546875e+01
-5.253658676147460938e+01
-5.395137786865234375e+01
-5.261110305786132812e+01
-5.296385574340820312e+01
-5.377176284790039062e+01
-5.175482940673828125e+01
-4.800315475463867188e+01
-4.241596221923828125e+01
-4.159084320068359375e+01
-4.473699188232421875e+01
-4.733076477050781250e+01
-5.150979995727539062e+01
-5.349914169311523438e+01
-6.006347656250000000e+01
-6.312704849243164062e+01
-6.299076461791992188e+01
-6.393701171875000000e+01
-6.013233184814453125e+01
-5.798392868041992188e+01
-6.124437332153320312e+01
-6.310032653808593750e+01
-5.851296234130859375e+01
-6.865908813476562500e+01
-7.137963104248046875e+01
-6.933536529541015625e+01
-7.812384796142578125e+01
-8.550845336914062500e+01
-8.468244171142578125e+01
-8.705497741699218750e+01
-8.184316253662109375e+01
-9.078215789794921875e+01
-8.476162719726562500e+01
-8.268715667724609375e+01
-7.468412017822265625e+01
-8.244894409179687500e+01
-7.962422943115234375e+01
-7.863069152832031250e+01
-7.811137390136718750e+01
-7.409867858886718750e+01
-7.473909759521484375e+01
-7.401673889160156250e+01
-7.656159210205078125e+01
-7.909565734863281250e+01
-7.909778594970703125e+01
-8.340563201904296875e+01
-8.349253845214843750e+01
-8.099028015136718750e+01
-7.894637298583984375e+01
-7.651935577392578125e+01
-7.524744415283203125e+01
-7.237254333496093750e+01
-7.343989562988281250e+01
-6.845737457275390625e+01
-6.966184234619140625e+01
-6.678820037841796875e+01
-7.459162139892578125e+01
-8.731746673583984375e+01
-9.610884857177734375e+01
-9.795071411132812500e+01
-1.013840179443359375e+02
-1.031864318847656250e+02
-1.016483993530273438e+02
-9.848190307617187500e+01
-9.831434631347656250e+01
-1.045051803588867188e+02
-1.047263870239257812e+02
-1.016667480468750000e+02
-9.357731628417968750e+01
-9.261274719238281250e+01
-9.408229064941406250e+01
-9.509989166259765625e+01
-9.101980590820312500e+01
-1.011420440673828125e+02
-9.915789794921875000e+01
-9.439593505859375000e+01
-9.092626953125000000e+01
-9.116264343261718750e+01
-8.929837036132812500e+01
-8.343919372558593750e+01
-8.347789001464843750e+01
-7.954795074462890625e+01
-7.740441894531250000e+01
-7.267098999023437500e+01
-6.585997772216796875e+01
-5.847361755371093750e+01
-5.790232086181640625e+01
-5.687393569946289062e+01
-5.529462432861328125e+01
-5.261251831054687500e+01
-5.106279373168945312e+01
-5.320728683471679688e+01
-5.251784896850585938e+01
-5.346511459350585938e+01
-5.354917907714843750e+01
-4.795881652832031250e+01
-4.434273147583007812e+01
-4.084157180786132812e+01
-4.165282440185546875e+01
-4.486562347412109375e+01
-4.692684936523437500e+01
-5.278181838989257812e+01
-5.718931961059570312e+01
-5.999292755126953125e+01
-6.329932403564453125e+01
-6.186830520629882812e+01
-5.946247863769531250e+01
-5.682935714721679688e+01
-5.790042877197265625e+01
-6.095326995849609375e+01
-5.896802902221679688e+01
-6.252080535888671875e+01
-7.004586029052734375e+01
-7.114753723144531250e+01
-7.231047821044921875e+01
-8.269985961914062500e+01
-8.451396942138671875e+01
-8.696749114990234375e+01
-8.557737731933593750e+01
-8.845270538330078125e+01
-8.726580047607421875e+01
-8.182030487060546875e+01
-7.664211273193359375e+01
-7.774088287353515625e+01
-7.688575744628906250e+01
-8.096245574951171875e+01
-7.285279083251953125e+01
-7.785157012939453125e+01
-7.633335113525390625e+01
-7.572240447998046875e+01
-7.889343261718750000e+01
-8.125789642333984375e+01
-8.343361663818359375e+01
-8.301324462890625000e+01
-8.407635498046875000e+01
-8.588669586181640625e+01
-8.240036010742187500e+01
-7.892836761474609375e+01
-7.801544952392578125e+01
-7.577639770507812500e+01
-7.097879028320312500e+01
-6.925810241699218750e+01
-6.634300994873046875e+01
-6.610471343994140625e+01
-6.780232238769531250e+01
-7.861531066894531250e+01
-8.479576110839843750e+01
-9.209727478027343750e+01
-9.628250885009765625e+01
-9.975707244873046875e+01
-9.988643646240234375e+01
-1.006194076538085938e+02
-9.686843872070312500e+01
-1.002163085937500000e+02
-1.058798599243164062e+02
-1.066326141357421875e+02
-1.016932525634765625e+02
-9.378616333007812500e+01
-9.656119537353515625e+01
-9.437020874023437500e+01
-9.384697723388671875e+01
-9.718862915039062500e+01
-1.001389312744140625e+02
-1.000425643920898438e+02
-9.043327331542968750e+01
-9.115122222900390625e+01
-9.028774261474609375e+01
-8.590604400634765625e+01
-8.242858123779296875e+01
-8.314181518554687500e+01
-8.030549621582031250e+01
-7.566387939453125000e+01
-7.074990081787109375e+01
-6.323378372192382812e+01
-5.926344299316406250e+01
-5.960568237304687500e+01
-5.722092819213867188e+01
-5.386761093139648438e+01
-5.399069976806640625e+01
-5.206623458862304688e+01
-5.369427108764648438e+01
-5.116769027709960938e+01
-5.173270416259765625e+01
-5.117533111572265625e+01
-4.862904357910156250e+01
-4.253720474243164062e+01
-4.054087829589843750e+01
-4.236819458007812500e+01
-4.534152984619140625e+01
-4.954728698730468750e+01
-5.395831298828125000e+01
-5.947884368896484375e+01
-6.127159118652343750e+01
-6.583203887939453125e+01
-6.293829345703125000e+01
-6.347876739501953125e+01
-5.930683898925781250e+01
-6.322373580932617188e+01
-6.450044250488281250e+01
-6.390950775146484375e+01
-7.212615966796875000e+01
-7.311579895019531250e+01
-7.036112976074218750e+01
-7.818369293212890625e+01
-8.398449707031250000e+01
-8.487051391601562500e+01
-8.412274169921875000e+01
-8.499556732177734375e+01
-8.686767578125000000e+01
-8.263738250732421875e+01
-7.738699340820312500e+01
-7.766970062255859375e+01
-8.128826141357421875e+01
-8.139325714111328125e+01
-7.573159790039062500e+01
-7.792505645751953125e+01
-7.543450927734375000e+01
-7.591331481933593750e+01
-7.661290740966796875e+01
-8.103967285156250000e+01
-8.230677795410156250e+01
-8.178002929687500000e+01
-8.473393249511718750e+01
-8.639638519287109375e+01
-8.436085510253906250e+01
-8.124986267089843750e+01
-7.691255187988281250e+01
-7.650576782226562500e+01
-7.272414398193359375e+01
-7.249237823486328125e+01
-6.861141967773437500e+01
-6.577925872802734375e+01
-6.523918914794921875e+01
-7.667774200439453125e+01
-8.472473907470703125e+01
-9.109565734863281250e+01
-9.451345062255859375e+01
-1.007002944946289062e+02
-1.018281097412109375e+02
-1.002786865234375000e+02
-9.702028656005859375e+01
-9.742666625976562500e+01
-1.045185165405273438e+02
-1.025515594482421875e+02
-1.013178634643554688e+02
-9.522540283203125000e+01
-9.460447692871093750e+01
-9.335945892333984375e+01
-9.295215606689453125e+01
-9.266326904296875000e+01
-1.002639160156250000e+02
-9.796833801269531250e+01
-9.570399475097656250e+01
-9.155058288574218750e+01
-9.038694763183593750e+01
-8.811647033691406250e+01
-8.114817810058593750e+01
-8.358832550048828125e+01
-8.139730834960937500e+01
-7.722251129150390625e+01
-7.116703033447265625e+01
-6.566262817382812500e+01
-5.865762329101562500e+01
-5.713129425048828125e+01
-5.759664154052734375e+01
-5.630445098876953125e+01
-5.341687393188476562e+01
-5.299720382690429688e+01
-5.324490356445312500e+01
-5.290880584716796875e+01
-5.367436218261718750e+01
-5.289207077026367188e+01
-4.992121887207031250e+01
-4.283405685424804688e+01
-3.925467681884765625e+01
-4.165230560302734375e+01
-4.314052200317382812e+01
-4.885532760620117188e+01
-5.146422576904296875e+01
-5.828768157958984375e+01
-6.183362197875976562e+01
-6.394682693481445312e+01
-6.098669815063476562e+01
-5.738794708251953125e+01
-5.546442413330078125e+01
-6.103645706176757812e+01
-6.362522125244140625e+01
-5.968640899658203125e+01
-6.726525878906250000e+01
-7.180358886718750000e+01
-7.082959747314453125e+01
-7.573718261718750000e+01
-8.347158813476562500e+01
-8.366217041015625000e+01
-8.561086273193359375e+01
-8.004232025146484375e+01
-8.884580993652343750e+01
-8.245175933837890625e+01
-7.948917388916015625e+01
-7.100769805908203125e+01
-8.132075500488281250e+01
-7.975159454345703125e+01
-8.093383789062500000e+01
-7.513739013671875000e+01
-7.438913726806640625e+01
-7.310490417480468750e+01
-7.501793670654296875e+01
-7.907612609863281250e+01
-7.875948333740234375e+01
-8.036075592041015625e+01
-8.164057922363281250e+01
-8.278290557861328125e+01
-8.329595947265625000e+01
-7.978225708007812500e+01
-7.806430053710937500e+01
-7.794264984130859375e+01
-7.481661224365234375e+01
-7.328259277343750000e+01
-7.090919494628906250e+01
-6.850299072265625000e+01
-6.768585205078125000e+01
-7.289962005615234375e+01
-8.267956542968750000e+01
-9.002058410644531250e+01
-9.515959167480468750e+01
-9.930628204345703125e+01
-1.022911987304687500e+02
-1.006007537841796875e+02
-9.856047058105468750e+01
-9.612936401367187500e+01
-1.032065582275390625e+02
-1.050933151245117188e+02
-1.035047607421875000e+02
-9.593734741210937500e+01
-9.437652587890625000e+01
-9.565113830566406250e+01
-9.506420135498046875e+01
-9.295291900634765625e+01
-9.812151336669921875e+01
-1.020044174194335938e+02
-9.819995880126953125e+01
-9.081845092773437500e+01
-9.140297698974609375e+01
-8.925824737548828125e+01
-8.424624633789062500e+01
-8.205905151367187500e+01
-8.049658966064453125e+01
-7.946060943603515625e+01
-7.269657135009765625e+01
-6.758456420898437500e+01
-5.939893341064453125e+01
-5.903105163574218750e+01
-5.826189804077148438e+01
-5.492167282104492188e+01
-5.484771728515625000e+01
-5.274053955078125000e+01
-5.236010742187500000e+01
-5.264846801757812500e+01
-5.272210693359375000e+01
-5.280690383911132812e+01
-4.931666564941406250e+01
-4.372408294677734375e+01
-4.335645675659179688e+01
-4.285626602172851562e+01
-4.632569122314453125e+01
-4.856431579589843750e+01
-5.107396697998046875e+01
-5.625140762329101562e+01
-6.017381668090820312e+01
-6.177977752685546875e+01
-6.459178161621093750e+01
-6.332887268066406250e+01
-5.912012481689453125e+01
-5.907950973510742188e+01
-6.331268692016601562e+01
-6.045161437988281250e+01
-6.436922454833984375e+01
-7.215835571289062500e+01
-6.951841735839843750e+01
-7.289302825927734375e+01
-8.388013458251953125e+01
-8.420982360839843750e+01
-8.707827758789062500e+01
-8.062948608398437500e+01
-8.855732727050781250e+01
-8.383421325683593750e+01
-8.114453125000000000e+01
-7.418622589111328125e+01
-7.914097595214843750e+01
-7.961727905273437500e+01
-8.254102325439453125e+01
-7.397473144531250000e+01
-7.544628906250000000e+01
-7.492960357666015625e+01
-7.306175994873046875e+01
-7.661525726318359375e+01
-7.850613403320312500e+01
-7.836045074462890625e+01
-7.626085662841796875e+01
-7.908712005615234375e+01
-8.213840484619140625e+01
-8.030051422119140625e+01
-7.989353179931640625e+01
-7.571263885498046875e+01
-7.594277191162109375e+01
-7.358084869384765625e+01
-7.336106872558593750e+01
-7.109607696533203125e+01
-6.845378112792968750e+01
-7.292966461181640625e+01
-8.101562500000000000e+01
-9.209426879882812500e+01
-9.639752960205078125e+01
-9.937200164794921875e+01
-1.044157028198242188e+02
-1.022958908081054688e+02
-1.008591842651367188e+02
-9.793846130371093750e+01
-9.962434387207031250e+01
-1.046181411743164062e+02
-1.026946105957031250e+02
-9.866622924804687500e+01
-9.364334869384765625e+01
-9.496660614013671875e+01
-9.280490112304687500e+01
-9.114476776123046875e+01
-9.453209686279296875e+01
-1.025946350097656250e+02
-9.890216827392578125e+01
-9.076018524169921875e+01
-9.157608032226562500e+01
-8.846203613281250000e+01
-8.656586456298828125e+01
-8.005291748046875000e+01
-8.265451812744140625e+01
-8.058856201171875000e+01
-7.502796936035156250e+01
-6.885227966308593750e+01
-6.335277938842773438e+01
-5.721179962158203125e+01
-5.815867996215820312e+01
-5.754265213012695312e+01
-5.430850219726562500e+01
-5.254095840454101562e+01
-5.107312011718750000e+01
-5.043598556518554688e+01
-5.245156097412109375e+01
-5.196688842773437500e+01
-5.103607177734375000e+01
-4.529895782470703125e+01
-4.082789611816406250e+01
-3.957069396972656250e+01
-3.942086791992187500e+01
-4.322280502319335938e+01
-4.915399932861328125e+01
-5.472366333007812500e+01
-5.795979690551757812e+01
-6.158078002929687500e+01
-6.391867446899414062e+01
-6.218619537353515625e+01
-5.581762695312500000e+01
-5.576735687255859375e+01
-5.880775070190429688e+01
-6.006282806396484375e+01
-6.185504150390625000e+01
-6.885785675048828125e+01
-7.231865692138671875e+01
-6.952705383300781250e+01
-7.705185699462890625e+01
-8.432357788085937500e+01
-8.181149291992187500e+01
-8.583623504638671875e+01
-8.091574859619140625e+01
-8.837632751464843750e+01
-8.051491546630859375e+01
-7.794581604003906250e+01
-7.149772644042968750e+01
-8.115569305419921875e+01
-7.926535034179687500e+01
-7.781605529785156250e+01
-7.672045898437500000e+01
-7.520412445068359375e+01
-7.686656951904296875e+01
-7.473539733886718750e+01
-7.970319366455078125e+01
-7.860424041748046875e+01
-7.950520324707031250e+01
-8.077991485595703125e+01
-8.363955688476562500e+01
-8.224170684814453125e+01
-7.817374420166015625e+01
-7.691629028320312500e+01
-7.382868957519531250e+01
-6.993967437744140625e+01
-6.880492401123046875e+01
-6.658520507812500000e+01
-6.881410217285156250e+01
-6.811060333251953125e+01
-7.449000549316406250e+01
-8.495622253417968750e+01
-9.334344482421875000e+01
-9.652098083496093750e+01
-1.026103744506835938e+02
-1.041636505126953125e+02
-1.023137741088867188e+02
-1.017763671875000000e+02
-9.983213806152343750e+01
-1.049016265869140625e+02
-1.040107192993164062e+02
-1.037969436645507812e+02
-9.647713470458984375e+01
-9.552734375000000000e+01
-9.498110961914062500e+01
-9.283409118652343750e+01
-9.229508972167968750e+01
-9.704434204101562500e+01
-1.005428009033203125e+02
-9.746067047119140625e+01
-8.886243438720703125e+01
-9.087168121337890625e+01
-8.729683685302734375e+01
-8.196537017822265625e+01
-8.288658142089843750e+01
-8.115849304199218750e+01
-7.801075744628906250e+01
-7.115514373779296875e+01
-6.788970184326171875e+01
-5.862039947509765625e+01
-5.769748306274414062e+01
-5.687593460083007812e+01
-5.533835220336914062e+01
-5.541502761840820312e+01
-5.206077957153320312e+01
-5.287181854248046875e+01
-5.217247009277343750e+01
-5.203656768798828125e+01
-5.370149612426757812e+01
-5.081058120727539062e+01
-4.584672927856445312e+01
-4.211048507690429688e+01
-4.334985733032226562e+01
-4.347028350830078125e+01
-4.987672805786132812e+01
-5.161564636230468750e+01
-5.789193344116210938e+01
-5.961120223999023438e+01
-5.880998611450195312e+01
-6.157788467407226562e+01
-5.840106964111328125e+01
-5.686797714233398438e+01
-6.005260848999023438e+01
-6.246549606323242188e+01
-6.045156097412109375e+01
-6.516793823242187500e+01
-7.219212341308593750e+01
-6.969378662109375000e+01
-7.130831146240234375e+01
-8.207905578613281250e+01
-8.082944488525390625e+01
-8.474261474609375000e+01
-8.119437408447265625e+01
-8.849398040771484375e+01
-8.444679260253906250e+01
-8.045244598388671875e+01
-7.380937194824218750e+01
-7.903079223632812500e+01
-7.833019256591796875e+01
-8.206608581542968750e+01
-7.397238159179687500e+01
-7.908543395996093750e+01
-7.313491058349609375e+01
-7.388159179687500000e+01
-7.679811859130859375e+01
-7.725819396972656250e+01
-7.826335144042968750e+01
-7.663586425781250000e+01
-8.150012969970703125e+01
-8.282836151123046875e+01
-8.303537750244140625e+01
-8.011130523681640625e+01
-7.742345428466796875e+01
-7.484745788574218750e+01
-7.143278503417968750e+01
-7.066864013671875000e+01
-6.832026672363281250e+01
-6.728224945068359375e+01
-6.954053497314453125e+01
-7.991836547851562500e+01
-8.754119873046875000e+01
-9.576782226562500000e+01
-9.709410095214843750e+01
-1.013489608764648438e+02
-1.007037124633789062e+02
-1.006596908569335938e+02
-9.696294403076171875e+01
-1.012733383178710938e+02
-1.047442855834960938e+02
-1.032170333862304688e+02
-9.912520599365234375e+01
-9.368566894531250000e+01
-9.639591217041015625e+01
-9.322236633300781250e+01
-9.148344421386718750e+01
-9.343535614013671875e+01
-1.011209487915039062e+02
-1.002707901000976562e+02
-9.239829254150390625e+01
-9.016008758544921875e+01
-8.885739898681640625e+01
-8.562569427490234375e+01
-8.174649047851562500e+01
-8.046426391601562500e+01
-8.006359100341796875e+01
-7.562210083007812500e+01
-6.968935394287109375e+01
-6.308218765258789062e+01
-5.755607223510742188e+01
-5.766025924682617188e+01
-5.697245788574218750e+01
-5.540975189208984375e+01
-5.311889266967773438e+01
-5.167633056640625000e+01
-5.048865890502929688e+01
-5.056933593750000000e+01
-5.203868865966796875e+01
-5.158613586425781250e+01
-4.694702529907226562e+01
-4.075360870361328125e+01
-3.909864044189453125e+01
-4.177794647216796875e+01
-4.613719940185546875e+01
-5.183034896850585938e+01
-5.725616455078125000e+01
-6.125717544555664062e+01
-6.374987030029296875e+01
-6.103470611572265625e+01
-6.064149475097656250e+01
-5.682746887207031250e+01
-5.405436325073242188e+01
-5.652307510375976562e+01
-6.167822647094726562e+01
-5.923796463012695312e+01
-6.693584442138671875e+01
-7.318106079101562500e+01
-7.158740997314453125e+01
-7.234483337402343750e+01
-8.211174011230468750e+01
-8.090453338623046875e+01
-8.683853149414062500e+01
-8.248151397705078125e+01
-8.770906066894531250e+01
-8.401142883300781250e+01
-8.003443145751953125e+01
-7.163507843017578125e+01
-7.793731689453125000e+01
-7.769374084472656250e+01
-8.131764221191406250e+01
-7.368459320068359375e+01
-7.612580108642578125e+01
-7.439256286621093750e+01
-7.313508605957031250e+01
-7.685406494140625000e+01
-7.633863830566406250e+01
-7.673474884033203125e+01
-7.674588012695312500e+01
-7.910263824462890625e+01
-8.055474853515625000e+01
-7.624714660644531250e+01
-7.551351928710937500e+01
-7.288790130615234375e+01
-7.195503234863281250e+01
-6.973680877685546875e+01
-6.975934600830078125e+01
-6.893421173095703125e+01
-6.771426391601562500e+01
-7.178552246093750000e+01
-8.316778564453125000e+01
-9.128923034667968750e+01
-9.832550048828125000e+01
-9.825642395019531250e+01
-1.031280975341796875e+02
-1.012162399291992188e+02
-1.021058044433593750e+02
-9.900563812255859375e+01
-9.819667816162109375e+01
-1.053062438964843750e+02
-1.068797988891601562e+02
-1.018048934936523438e+02
-9.403623962402343750e+01
-9.704905700683593750e+01
-9.390715026855468750e+01
-9.386621856689453125e+01
-9.398547363281250000e+01
-1.019364624023437500e+02
-9.827498626708984375e+01
-8.919479370117187500e+01
-8.971450805664062500e+01
-8.828427886962890625e+01
-8.660339355468750000e+01
-8.255106353759765625e+01
-8.205583953857421875e+01
-8.061425781250000000e+01
-7.641310882568359375e+01
-7.116417694091796875e+01
-6.398920822143554688e+01
-5.732972717285156250e+01
-5.766633987426757812e+01
-5.821886825561523438e+01
-5.501221466064453125e+01
-5.239395141601562500e+01
-5.342279815673828125e+01
-5.293804168701171875e+01
-5.206536102294921875e+01
-5.501711273193359375e+01
-5.358310699462890625e+01
-4.743722534179687500e+01
-4.099014282226562500e+01
-3.877492523193359375e+01
-4.236437225341796875e+01
-4.373010635375976562e+01
-4.836893081665039062e+01
-5.492056655883789062e+01
-5.859701919555664062e+01
-6.083978271484375000e+01
-6.029557037353515625e+01
-5.703693008422851562e+01
-5.563367843627929688e+01
-5.321267318725585938e+01
-6.053158187866210938e+01
-6.186892700195312500e+01
-6.184331512451171875e+01
-6.796723937988281250e+01
-7.389797210693359375e+01
-6.834469604492187500e+01
-7.216284179687500000e+01
-8.243038940429687500e+01
-8.207621002197265625e+01
-8.593775939941406250e+01
-8.032594299316406250e+01
-8.825511932373046875e+01
-8.624342346191406250e+01
-8.103030395507812500e+01
-7.354262542724609375e+01
-7.989749145507812500e+01
-7.763792419433593750e+01
-7.949474334716796875e+01
-7.433194732666015625e+01
-7.644618225097656250e+01
-7.373047637939453125e+01
-7.344794464111328125e+01
-7.668524932861328125e+01
-7.456452178955078125e+01
-7.544702148437500000e+01
-7.629302978515625000e+01
-8.253039550781250000e+01
-8.351407623291015625e+01
-8.024671936035156250e+01
-7.868781280517578125e+01
-7.831084442138671875e+01
-7.372441101074218750e+01
-7.096185302734375000e+01
-6.818927764892578125e+01
-6.823568725585937500e+01
-6.661902618408203125e+01
-7.363406372070312500e+01
-8.236429595947265625e+01
-9.192939758300781250e+01
-9.554953765869140625e+01
-9.927929687500000000e+01
-1.023805923461914062e+02
-1.004898605346679688e+02
-1.002723159790039062e+02
-9.721372222900390625e+01
-9.888276672363281250e+01
-1.040349655151367188e+02
-1.037687377929687500e+02
-9.757151794433593750e+01
-9.210287475585937500e+01
-9.511363220214843750e+01
-9.305208587646484375e+01
-9.042863464355468750e+01
-9.426438140869140625e+01
-1.004915161132812500e+02
-9.962282562255859375e+01
-9.057782745361328125e+01
-9.065829467773437500e+01
-8.830094146728515625e+01
-8.560697937011718750e+01
-8.146862030029296875e+01
-8.461235046386718750e+01
-7.947695922851562500e+01
-7.647940826416015625e+01
-6.822257232666015625e+01
-6.190363693237304688e+01
-5.833500671386718750e+01
-5.846792984008789062e+01
-5.789725875854492188e+01
-5.506205749511718750e+01
-5.065132141113281250e+01
-5.162191772460937500e+01
-5.198394012451171875e+01
-5.118190002441406250e+01
-5.287089157104492188e+01
-5.188636016845703125e+01
-4.674523544311523438e+01
-3.942834091186523438e+01
-3.749895477294921875e+01
-3.895212936401367188e+01
-4.292621994018554688e+01
-5.025559997558593750e+01
-5.564189910888671875e+01
-5.746876907348632812e+01
-5.731156539916992188e+01
-5.701459503173828125e+01
-5.601409912109375000e+01
-5.514701080322265625e+01
-5.409006881713867188e+01
-6.086204147338867188e+01
-6.358703231811523438e+01
-6.015111923217773438e+01
-6.549539947509765625e+01
-7.152268981933593750e+01
-6.846249389648437500e+01
-7.247447967529296875e+01
-8.166836547851562500e+01
-8.153816223144531250e+01
-8.789925384521484375e+01
-8.200629425048828125e+01
-8.524098205566406250e+01
-8.569754791259765625e+01
-8.157199096679687500e+01
-7.402238464355468750e+01
-7.838270568847656250e+01
-7.786376953125000000e+01
-8.118196105957031250e+01
-7.534103393554687500e+01
-7.946828460693359375e+01
-7.466370391845703125e+01
-7.440412902832031250e+01
-7.759928894042968750e+01
-7.887202453613281250e+01
-7.917840576171875000e+01
-7.813327026367187500e+01
