-8.088488006591796875e+01
-8.105203247070312500e+01
-7.984986877441406250e+01
-8.181711578369140625e+01
-8.337187957763671875e+01
-8.062233734130859375e+01
-8.244074249267578125e+01
-8.234920501708984375e+01
-8.284178924560546875e+01
-8.201287078857421875e+01
-8.314669036865234375e+01
-8.593534851074218750e+01
-8.510608673095703125e+01
-8.533164978027343750e+01
-8.571997833251953125e+01
-8.370764160156250000e+01
-8.373788452148437500e+01
-8.074504089355468750e+01
-8.017401123046875000e+01
-7.920102691650390625e+01
-7.951679992675781250e+01
-7.820167541503906250e+01
-7.777517700195312500e+01
-7.805436706542968750e+01
-7.449961090087890625e+01
-7.412220001220703125e+01
-7.139633178710937500e+01
-6.961827087402343750e+01
-6.563758087158203125e+01
-6.290509414672851562e+01
-6.110918426513671875e+01
-6.025343704223632812e+01
-6.023831558227539062e+01
-6.175407028198242188e+01
-6.624289703369140625e+01
-7.261260223388671875e+01
-7.890496063232421875e+01
-8.711190795898437500e+01
-9.493104553222656250e+01
-9.475405883789062500e+01
-9.317151641845703125e+01
-9.136102294921875000e+01
-8.685944366455078125e+01
-8.733099365234375000e+01
-8.640684509277343750e+01
-8.430992889404296875e+01
-8.141959381103515625e+01
-8.086392211914062500e+01
-7.936481475830078125e+01
-7.866355133056640625e+01
-8.089440917968750000e+01
-8.412863159179687500e+01
-8.450144958496093750e+01
-8.395872497558593750e+01
-8.483926391601562500e+01
-8.301694488525390625e+01
-8.319446563720703125e+01
-8.318998718261718750e+01
-8.008484649658203125e+01
-8.028833770751953125e+01
-7.979003906250000000e+01
-7.656119537353515625e+01
-7.634605407714843750e+01
-7.546674346923828125e+01
-7.309847259521484375e+01
-7.389691162109375000e+01
-7.499133300781250000e+01
-7.426238250732421875e+01
-7.607810211181640625e+01
-7.610598754882812500e+01
-7.656932830810546875e+01
-7.594630432128906250e+01
-7.935884857177734375e+01
-7.854566192626953125e+01
-7.829720306396484375e+01
-8.015651702880859375e+01
-7.942390441894531250e+01
-7.931330871582031250e+01
-8.003255462646484375e+01
-7.807230377197265625e+01
-7.918160247802734375e+01
-7.915794372558593750e+01
-8.021227264404296875e+01
-7.975876617431640625e+01
-8.045132446289062500e+01
-8.205895233154296875e+01
-8.344577789306640625e+01
-8.393445587158203125e+01
-8.559054565429687500e+01
-8.457919311523437500e+01
-8.373054504394531250e+01
-8.180125427246093750e+01
-8.091274261474609375e+01
-8.049218750000000000e+01
-7.952798461914062500e+01
-8.074936676025390625e+01
-8.027334594726562500e+01
-8.033765411376953125e+01
-8.012425994873046875e+01
-8.118908691406250000e+01
-8.143310546875000000e+01
-8.215763854980468750e+01
-8.248566436767578125e+01
-8.009575653076171875e+01
-8.110759735107421875e+01
-8.122579193115234375e+01
-8.369926452636718750e+01
-8.305394744873046875e+01
-8.428617095947265625e+01
-8.396419525146484375e+01
-8.437295532226562500e+01
-8.368846130371093750e+01
-8.354094696044921875e+01
-8.251612854003906250e+01
-7.934941864013671875e+01
-7.946470642089843750e+01
-7.755069732666015625e+01
-7.719199371337890625e+01
-7.934192657470703125e+01
-7.514194488525390625e+01
-7.403027343750000000e+01
-7.053482818603515625e+01
-6.936188507080078125e+01
-6.566204833984375000e+01
-6.365846252441406250e+01
-6.196432495117187500e+01
-6.024401855468750000e+01
-6.076121902465820312e+01
-6.046663284301757812e+01
-6.679373931884765625e+01
-7.163110351562500000e+01
-8.193608093261718750e+01
-8.851905822753906250e+01
-9.339985656738281250e+01
-9.770043945312500000e+01
-9.452572631835937500e+01
-9.126029205322265625e+01
-8.729137420654296875e+01
-8.410205841064453125e+01
-8.279814910888671875e+01
-8.435316467285156250e+01
-8.318009948730468750e+01
-8.168920898437500000e+01
-8.349532318115234375e+01
-7.972385406494140625e+01
-8.133408355712890625e+01
-8.205380249023437500e+01
-8.436670684814453125e+01
-8.591822814941406250e+01
-8.460436248779296875e+01
-8.441466522216796875e+01
-8.398699188232421875e+01
-8.197731781005859375e+01
-7.968647766113281250e+01
-8.001018524169921875e+01
-7.969986724853515625e+01
-7.635467529296875000e+01
-7.668350982666015625e+01
-7.532450866699218750e+01
-7.504599761962890625e+01
-7.599397277832031250e+01
-7.614447021484375000e+01
-7.539125823974609375e+01
-7.677505493164062500e+01
-7.661366271972656250e+01
-7.626589965820312500e+01
-7.958664703369140625e+01
-7.822286987304687500e+01
-7.840652465820312500e+01
-8.012358093261718750e+01
-8.069056701660156250e+01
-8.012058258056640625e+01
-7.900081634521484375e+01
-7.710285186767578125e+01
-7.931608581542968750e+01
-8.037009429931640625e+01
-8.136803436279296875e+01
-8.075154113769531250e+01
-8.445147705078125000e+01
-8.450531768798828125e+01
-8.417881011962890625e+01
-8.570778656005859375e+01
-8.456719970703125000e+01
-8.431855773925781250e+01
-8.286034393310546875e+01
-8.154673004150390625e+01
-8.172093963623046875e+01
-8.148652648925781250e+01
-7.997077941894531250e+01
-8.203897857666015625e+01
-8.214143371582031250e+01
-8.098194122314453125e+01
-8.214704895019531250e+01
-8.354745483398437500e+01
-8.347885894775390625e+01
-8.172867584228515625e+01
-8.274204254150390625e+01
-8.228506469726562500e+01
-8.206758880615234375e+01
-8.382021331787109375e+01
-8.371083068847656250e+01
-8.454901123046875000e+01
-8.454983520507812500e+01
-8.462886047363281250e+01
-8.448071289062500000e+01
-8.271179199218750000e+01
-8.337641906738281250e+01
-8.291946411132812500e+01
-8.012924957275390625e+01
-7.864276885986328125e+01
-7.882478332519531250e+01
-7.862843322753906250e+01
-7.840393066406250000e+01
-7.546849822998046875e+01
-7.264550781250000000e+01
-7.028598022460937500e+01
-7.010391235351562500e+01
-6.488758850097656250e+01
-6.175607299804687500e+01
-6.033283615112304688e+01
-5.812202072143554688e+01
-6.116344833374023438e+01
-6.293790435791015625e+01
-6.459631347656250000e+01
-7.054972076416015625e+01
-7.831786346435546875e+01
-8.329663848876953125e+01
-8.937305450439453125e+01
-9.487487792968750000e+01
-9.575308990478515625e+01
-9.299307250976562500e+01
-9.076721954345703125e+01
-8.442064666748046875e+01
-8.124375915527343750e+01
-8.033796691894531250e+01
-8.099197387695312500e+01
-8.268818664550781250e+01
-8.181561279296875000e+01
-8.126924133300781250e+01
-8.145625305175781250e+01
-8.167570495605468750e+01
-8.242478942871093750e+01
-8.388768768310546875e+01
-8.570888519287109375e+01
-8.636210632324218750e+01
-8.509657287597656250e+01
-8.447332763671875000e+01
-8.252955627441406250e+01
-8.132922363281250000e+01
-8.071000671386718750e+01
-7.741077423095703125e+01
-7.733160400390625000e+01
-7.586405944824218750e+01
-7.535243988037109375e+01
-7.460539245605468750e+01
-7.350563812255859375e+01
-7.626210021972656250e+01
-7.483425903320312500e+01
-7.715415954589843750e+01
-7.859169006347656250e+01
-7.823185729980468750e+01
-7.853572082519531250e+01
-7.964099884033203125e+01
-7.891896057128906250e+01
-8.050733947753906250e+01
-7.727079010009765625e+01
-8.010604095458984375e+01
-8.035959625244140625e+01
-7.905996704101562500e+01
-8.174857330322265625e+01
-8.274600982666015625e+01
-8.452490997314453125e+01
-8.412870025634765625e+01
-8.459614562988281250e+01
-8.413545989990234375e+01
-8.483297729492187500e+01
-8.300695037841796875e+01
-8.292826843261718750e+01
-8.368972778320312500e+01
-8.340673065185546875e+01
-8.430778503417968750e+01
-8.332720184326171875e+01
-8.384398651123046875e+01
-8.263916015625000000e+01
-8.315254974365234375e+01
-8.154052734375000000e+01
-8.189764404296875000e+01
-8.307458496093750000e+01
-8.174659729003906250e+01
-8.253128051757812500e+01
-8.222365570068359375e+01
-8.193914031982421875e+01
-8.361508178710937500e+01
-8.156742095947265625e+01
-8.266062927246093750e+01
-8.390314483642578125e+01
-8.469654083251953125e+01
-8.570008087158203125e+01
-8.552306365966796875e+01
-8.381926727294921875e+01
-8.368829345703125000e+01
-8.336821746826171875e+01
-8.142462921142578125e+01
-7.955104064941406250e+01
-8.126898193359375000e+01
-7.741157531738281250e+01
-7.710374450683593750e+01
-7.702335357666015625e+01
-7.398580932617187500e+01
-7.211776733398437500e+01
-7.045461273193359375e+01
-6.820436096191406250e+01
-6.426367950439453125e+01
-5.961445236206054688e+01
-5.872055816650390625e+01
-5.826571655273437500e+01
-6.098412322998046875e+01
-6.206886672973632812e+01
-6.836386871337890625e+01
-7.464354705810546875e+01
-8.046086883544921875e+01
-8.722808837890625000e+01
-8.948286437988281250e+01
-9.305225372314453125e+01
-9.095452880859375000e+01
-9.039266204833984375e+01
-8.865901184082031250e+01
-8.421717071533203125e+01
-8.201353454589843750e+01
-8.038186645507812500e+01
-8.040136718750000000e+01
-7.924132537841796875e+01
-7.798851013183593750e+01
-7.927394866943359375e+01
-8.124291229248046875e+01
-8.261317443847656250e+01
-8.322462463378906250e+01
-8.453191375732421875e+01
-8.246038055419921875e+01
-8.368878936767578125e+01
-8.364274597167968750e+01
-8.317877197265625000e+01
-8.218312072753906250e+01
-7.901864624023437500e+01
-7.698119354248046875e+01
-7.800173187255859375e+01
-7.650163269042968750e+01
-7.397951507568359375e+01
-7.547122955322265625e+01
-7.405235290527343750e+01
-7.412966156005859375e+01
-7.623110961914062500e+01
-7.698825836181640625e+01
-7.845355224609375000e+01
-7.789939880371093750e+01
-7.859815979003906250e+01
-7.873105621337890625e+01
-7.840157318115234375e+01
-7.859300994873046875e+01
-7.935553741455078125e+01
-7.942317199707031250e+01
-7.989849853515625000e+01
-7.934077453613281250e+01
-7.934989929199218750e+01
-7.625727081298828125e+01
-8.018995666503906250e+01
-8.070936584472656250e+01
-8.137953186035156250e+01
-8.475467681884765625e+01
-8.753618621826171875e+01
-8.545205688476562500e+01
-8.418440246582031250e+01
-8.475611877441406250e+01
-8.467008972167968750e+01
-8.383789825439453125e+01
-8.312141418457031250e+01
-8.276251983642578125e+01
-8.183889007568359375e+01
-8.130326080322265625e+01
-8.324338531494140625e+01
-8.350082397460937500e+01
-8.275808715820312500e+01
-8.117029571533203125e+01
-8.329613494873046875e+01
-8.180997467041015625e+01
-8.137592315673828125e+01
-8.335064697265625000e+01
-8.390258026123046875e+01
-8.398381042480468750e+01
-8.274384307861328125e+01
-8.433513641357421875e+01
-8.592555236816406250e+01
-8.641705322265625000e+01
-8.615892791748046875e+01
-8.462700653076171875e+01
-8.457552337646484375e+01
-8.329402160644531250e+01
-8.414245605468750000e+01
-8.174415588378906250e+01
-7.842974853515625000e+01
-7.956642150878906250e+01
-7.955591583251953125e+01
-7.730255889892578125e+01
-7.668897247314453125e+01
-7.395988464355468750e+01
-7.209317016601562500e+01
-6.925324249267578125e+01
-6.547315979003906250e+01
-6.386870956420898438e+01
-5.974332427978515625e+01
-5.957120132446289062e+01
-6.040714263916015625e+01
-6.124562454223632812e+01
-6.455065917968750000e+01
-7.060995483398437500e+01
-7.924221801757812500e+01
-8.597599029541015625e+01
-9.017575836181640625e+01
-9.219921875000000000e+01
-9.444942474365234375e+01
-9.224219512939453125e+01
-9.017042541503906250e+01
-8.623976898193359375e+01
-8.440644836425781250e+01
-8.320343780517578125e+01
-8.070152282714843750e+01
-8.087701416015625000e+01
-7.972981262207031250e+01
-8.094232940673828125e+01
-8.144883728027343750e+01
-8.258737182617187500e+01
-8.326481628417968750e+01
-8.287933349609375000e+01
-8.481553649902343750e+01
-8.250289154052734375e+01
-8.319322967529296875e+01
-8.191852569580078125e+01
-8.288764190673828125e+01
-8.208512878417968750e+01
-8.069754028320312500e+01
-7.696821594238281250e+01
-7.634506225585937500e+01
-7.556177520751953125e+01
-7.478768920898437500e+01
-7.366245269775390625e+01
-7.416938781738281250e+01
-7.374684906005859375e+01
-7.491660308837890625e+01
-7.649681854248046875e+01
-7.537902832031250000e+01
-7.750179290771484375e+01
-7.812244415283203125e+01
-7.760932922363281250e+01
-7.777084350585937500e+01
-7.825994873046875000e+01
-7.982662200927734375e+01
-7.994788360595703125e+01
-7.999407196044921875e+01
-7.960707855224609375e+01
-7.762217712402343750e+01
-7.874923706054687500e+01
-8.071157836914062500e+01
-8.041386413574218750e+01
-8.181721496582031250e+01
-8.332682800292968750e+01
-8.462933349609375000e+01
-8.485098266601562500e+01
-8.757331848144531250e+01
-8.547357940673828125e+01
-8.248067474365234375e+01
-8.257984161376953125e+01
-8.168334960937500000e+01
-8.055347442626953125e+01
-7.884586334228515625e+01
-8.046138763427734375e+01
-8.036729431152343750e+01
-8.242086029052734375e+01
-8.165762329101562500e+01
-8.254914855957031250e+01
-8.309889984130859375e+01
-8.169321441650390625e+01
-8.234948730468750000e+01
-8.241444396972656250e+01
-8.207843017578125000e+01
-8.189552307128906250e+01
-8.180963134765625000e+01
-8.225681304931640625e+01
-8.398117828369140625e+01
-8.433774566650390625e+01
-8.453275299072265625e+01
-8.349694824218750000e+01
-8.375286102294921875e+01
-8.165921020507812500e+01
-8.175894165039062500e+01
-7.956732177734375000e+01
-8.082013702392578125e+01
-7.943228149414062500e+01
-7.591009521484375000e+01
-7.685638427734375000e+01
-7.706054687500000000e+01
-7.298932647705078125e+01
-7.169379425048828125e+01
-6.701396942138671875e+01
-6.673863983154296875e+01
-6.294398498535156250e+01
-5.974853515625000000e+01
-5.952780532836914062e+01
-5.776282882690429688e+01
-5.995878219604492188e+01
-6.529383087158203125e+01
-7.249379730224609375e+01
-8.384050750732421875e+01
-8.949763488769531250e+01
-9.538973999023437500e+01
-9.502986145019531250e+01
-9.443339538574218750e+01
-9.367543029785156250e+01
-9.088368225097656250e+01
-8.737308502197265625e+01
-8.633723449707031250e+01
-8.446836853027343750e+01
-8.373440551757812500e+01
-8.127679443359375000e+01
-8.059363555908203125e+01
-8.221018981933593750e+01
-8.296911621093750000e+01
-8.434760284423828125e+01
-8.535153961181640625e+01
-8.549722290039062500e+01
-8.320130920410156250e+01
-8.536109924316406250e+01
-8.286575317382812500e+01
-8.356765747070312500e+01
-8.287205505371093750e+01
-8.022868347167968750e+01
-8.046761322021484375e+01
-7.923937225341796875e+01
-7.819579315185546875e+01
-7.628936004638671875e+01
-7.668296051025390625e+01
-7.662378692626953125e+01
-7.291996002197265625e+01
-7.509989166259765625e+01
-7.559975433349609375e+01
-7.557752990722656250e+01
-7.865824127197265625e+01
-7.823619842529296875e+01
-7.868233489990234375e+01
-8.072044372558593750e+01
-7.918450164794921875e+01
-7.945544433593750000e+01
-7.818994140625000000e+01
-7.835293579101562500e+01
-7.946582794189453125e+01
-7.884172821044921875e+01
-7.798621368408203125e+01
-7.939360046386718750e+01
-8.119585418701171875e+01
-8.281143951416015625e+01
-8.218224334716796875e+01
-8.490039062500000000e+01
-8.280523681640625000e+01
-8.193088531494140625e+01
-8.453652954101562500e+01
-8.239488220214843750e+01
-8.315568542480468750e+01
-8.285424041748046875e+01
-8.157757568359375000e+01
-8.140106964111328125e+01
-7.944607543945312500e+01
-8.002045440673828125e+01
-8.031351470947265625e+01
-8.058733367919921875e+01
-8.074964904785156250e+01
-8.207376861572265625e+01
-8.145191192626953125e+01
-8.153989410400390625e+01
-8.259369659423828125e+01
-8.283870697021484375e+01
-8.104906463623046875e+01
-8.261338806152343750e+01
-8.305415344238281250e+01
-8.573984527587890625e+01
-8.353192138671875000e+01
-8.519818878173828125e+01
-8.325173950195312500e+01
-8.516692352294921875e+01
-8.304827117919921875e+01
-8.364437103271484375e+01
-8.194168853759765625e+01
-8.048978424072265625e+01
-7.951425933837890625e+01
-7.795459747314453125e+01
-7.900318908691406250e+01
-7.584217834472656250e+01
-7.578582000732421875e+01
-7.311281585693359375e+01
-7.044810485839843750e+01
-6.802726745605468750e+01
-6.396667480468750000e+01
-6.141790771484375000e+01
-5.973168563842773438e+01
-6.013972091674804688e+01
-5.978678512573242188e+01
-5.940414428710937500e+01
-6.568273162841796875e+01
-7.363362121582031250e+01
-7.939208221435546875e+01
-8.706665039062500000e+01
-9.062842559814453125e+01
-9.184416961669921875e+01
-9.332362365722656250e+01
-9.081609344482421875e+01
-8.985883331298828125e+01
-8.842541503906250000e+01
-8.548635864257812500e+01
-8.296687316894531250e+01
-8.268146514892578125e+01
-7.983525848388671875e+01
-8.134695434570312500e+01
-8.052186584472656250e+01
-8.050080108642578125e+01
-8.433444213867187500e+01
-8.504550933837890625e+01
-8.557453918457031250e+01
-8.423869323730468750e+01
-8.271524810791015625e+01
-8.347329711914062500e+01
-8.097216033935546875e+01
-8.243115234375000000e+01
-8.211459350585937500e+01
-7.965630340576171875e+01
-7.836322021484375000e+01
-7.680066680908203125e+01
-7.422711944580078125e+01
-7.472254180908203125e+01
-7.550022888183593750e+01
-7.392640686035156250e+01
-7.494617462158203125e+01
-7.385368347167968750e+01
-7.572029876708984375e+01
-7.633888244628906250e+01
-7.702188873291015625e+01
-7.776448059082031250e+01
-7.840391540527343750e+01
-7.785714721679687500e+01
-7.965659332275390625e+01
-7.980288696289062500e+01
-8.092457580566406250e+01
-8.045196533203125000e+01
-7.776355743408203125e+01
-7.715400695800781250e+01
-7.834238433837890625e+01
-8.158626556396484375e+01
-7.978971099853515625e+01
-8.049481964111328125e+01
-8.336098480224609375e+01
-8.558499908447265625e+01
-8.457400512695312500e+01
-8.367482757568359375e+01
-8.377098846435546875e+01
-8.218331909179687500e+01
-8.203399658203125000e+01
-8.061552429199218750e+01
-8.039122009277343750e+01
-7.813610076904296875e+01
-8.008283233642578125e+01
-8.102355194091796875e+01
-8.056876373291015625e+01
-8.201141357421875000e+01
-7.918852233886718750e+01
-8.230587005615234375e+01
-8.275174713134765625e+01
-8.209233093261718750e+01
-8.104756164550781250e+01
-8.233790588378906250e+01
-8.265183258056640625e+01
-8.310199737548828125e+01
-8.375933074951171875e+01
-8.465358734130859375e+01
-8.337425994873046875e+01
-8.511569213867187500e+01
-8.387493133544921875e+01
-8.397589874267578125e+01
-8.342568206787109375e+01
-8.127301788330078125e+01
-8.154755401611328125e+01
-7.887610626220703125e+01
-7.784634399414062500e+01
-7.719741821289062500e+01
-7.760787963867187500e+01
-7.535125732421875000e+01
-7.289932250976562500e+01
-7.166158294677734375e+01
-6.916139221191406250e+01
-6.627159881591796875e+01
-6.358182144165039062e+01
-5.976783752441406250e+01
-5.802984619140625000e+01
-5.988104248046875000e+01
-5.860227203369140625e+01
-6.720343017578125000e+01
-7.279090118408203125e+01
-8.180924224853515625e+01
-8.911721038818359375e+01
-9.507529449462890625e+01
-9.496663665771484375e+01
-9.379057312011718750e+01
-9.206965637207031250e+01
-8.969100952148437500e+01
-8.773535156250000000e+01
-8.520346069335937500e+01
-8.327197265625000000e+01
-8.424398803710937500e+01
-8.117510223388671875e+01
-7.936566162109375000e+01
-8.092252349853515625e+01
-8.144644927978515625e+01
-8.384365844726562500e+01
-8.533617401123046875e+01
-8.442274475097656250e+01
-8.470296478271484375e+01
-8.273004150390625000e+01
-8.192422485351562500e+01
-8.314726257324218750e+01
-8.144351959228515625e+01
-8.098331451416015625e+01
-8.042122650146484375e+01
-7.961825561523437500e+01
-7.740956115722656250e+01
-7.876846313476562500e+01
-7.712858581542968750e+01
-7.512179565429687500e+01
-7.440199279785156250e+01
-7.629959106445312500e+01
-7.549466705322265625e+01
-7.562330627441406250e+01
-7.676273345947265625e+01
-7.843011474609375000e+01
-7.957059478759765625e+01
-7.989479064941406250e+01
-7.961200714111328125e+01
-7.904384613037109375e+01
-8.038373565673828125e+01
-7.866913604736328125e+01
-7.936744689941406250e+01
-7.801125335693359375e+01
-7.851702880859375000e+01
-8.120623779296875000e+01
-8.040865325927734375e+01
-8.501581573486328125e+01
-8.429184722900390625e+01
-8.208074951171875000e+01
-8.231983184814453125e+01
-8.244712829589843750e+01
-8.620768737792968750e+01
-8.714314270019531250e+01
-8.456996917724609375e+01
-8.469511413574218750e+01
-8.362528228759765625e+01
-8.186750793457031250e+01
-8.075298309326171875e+01
-8.126129913330078125e+01
-8.093920135498046875e+01
-8.223157501220703125e+01
-8.179765319824218750e+01
-8.213574981689453125e+01
-8.346032714843750000e+01
-8.245258331298828125e+01
-8.305214691162109375e+01
-8.126157379150390625e+01
-8.387104034423828125e+01
-8.309485626220703125e+01
-8.287631225585937500e+01
-8.448914337158203125e+01
-8.518351745605468750e+01
-8.634768676757812500e+01
-8.542343139648437500e+01
-8.564508819580078125e+01
-8.322239685058593750e+01
-8.417439270019531250e+01
-8.099711608886718750e+01
-7.919315338134765625e+01
-7.903263092041015625e+01
-7.956687927246093750e+01
-7.796100616455078125e+01
-7.673509216308593750e+01
-7.444824981689453125e+01
-7.350937652587890625e+01
-7.032320404052734375e+01
-6.838956451416015625e+01
-6.446851348876953125e+01
-6.263627243041992188e+01
-6.026435089111328125e+01
-5.832041931152343750e+01
-6.055496215820312500e+01
-6.127064132690429688e+01
-6.597640228271484375e+01
-7.331859588623046875e+01
-8.408420562744140625e+01
-8.782426452636718750e+01
-9.428217315673828125e+01
-9.688913726806640625e+01
-9.516925048828125000e+01
-9.240257263183593750e+01
-8.961036682128906250e+01
-8.632064056396484375e+01
-8.483603668212890625e+01
-8.321476745605468750e+01
-8.257714080810546875e+01
-8.104856872558593750e+01
-7.873912811279296875e+01
-7.900756835937500000e+01
-8.199940490722656250e+01
-8.196376037597656250e+01
-8.354521179199218750e+01
-8.468765258789062500e+01
-8.402967834472656250e+01
-8.192910003662109375e+01
-8.211112976074218750e+01
-8.220699310302734375e+01
-8.056150054931640625e+01
-8.007556915283203125e+01
-7.994191741943359375e+01
-8.022003936767578125e+01
-7.647103881835937500e+01
-7.508866119384765625e+01
-7.473281860351562500e+01
-7.506861114501953125e+01
-7.564738464355468750e+01
-7.317652130126953125e+01
-7.590153503417968750e+01
-7.551740264892578125e+01
-7.559906005859375000e+01
-7.792407226562500000e+01
-8.026213073730468750e+01
-7.846012878417968750e+01
-7.961999511718750000e+01
-7.992510223388671875e+01
-7.892552185058593750e+01
-7.901282501220703125e+01
-7.837507629394531250e+01
-7.712074279785156250e+01
-7.855066680908203125e+01
-7.819079589843750000e+01
-7.955222320556640625e+01
-8.114964294433593750e+01
-8.435133361816406250e+01
-8.197676086425781250e+01
-8.497585296630859375e+01
-8.555114746093750000e+01
-8.443885040283203125e+01
-8.494367218017578125e+01
-8.359914398193359375e+01
-8.343895721435546875e+01
-8.186972045898437500e+01
-8.184740447998046875e+01
-8.174539947509765625e+01
-8.187263488769531250e+01
-8.144426727294921875e+01
-8.150646209716796875e+01
-8.269777679443359375e+01
-8.103964233398437500e+01
-8.230802917480468750e+01
-8.247106170654296875e+01
-8.163042449951171875e+01
-8.206289672851562500e+01
-8.157344818115234375e+01
-8.252898406982421875e+01
-8.293988037109375000e+01
-8.222751617431640625e+01
-8.493969726562500000e+01
-8.441037750244140625e+01
-8.386386871337890625e+01
-8.438626861572265625e+01
-8.520864868164062500e+01
-8.342771911621093750e+01
-8.326041412353515625e+01
-8.104217529296875000e+01
-8.101148986816406250e+01
-8.057359313964843750e+01
-7.875017547607421875e+01
-7.820097351074218750e+01
-7.617894744873046875e+01
-7.365405273437500000e+01
-7.344322204589843750e+01
-7.005239868164062500e+01
-6.713690948486328125e+01
-6.264861297607421875e+01
-6.275327301025390625e+01
-5.994156265258789062e+01
-5.951996231079101562e+01
-6.127692031860351562e+01
-6.358920669555664062e+01
-6.974261474609375000e+01
-7.729696655273437500e+01
-8.576457214355468750e+01
-8.971674346923828125e+01
-9.369055175781250000e+01
-9.397774505615234375e+01
-9.248160552978515625e+01
-9.219498443603515625e+01
-8.818134307861328125e+01
-8.866859436035156250e+01
-8.658357238769531250e+01
-8.431806182861328125e+01
-8.221814727783203125e+01
-7.981729888916015625e+01
-7.933615875244140625e+01
-8.172997283935546875e+01
-8.345642852783203125e+01
-8.337264251708984375e+01
-8.547702026367187500e+01
-8.474561309814453125e+01
-8.244445037841796875e+01
-8.263081359863281250e+01
-8.293003082275390625e+01
-8.121461486816406250e+01
-7.920847320556640625e+01
-7.917827606201171875e+01
-7.898231506347656250e+01
-7.752512359619140625e+01
-7.630438995361328125e+01
-7.626886749267578125e+01
-7.394212341308593750e+01
-7.486754608154296875e+01
-7.374220275878906250e+01
-7.493957519531250000e+01
-7.481395721435546875e+01
-7.641270446777343750e+01
-7.703380584716796875e+01
-7.621182250976562500e+01
-7.839500427246093750e+01
-8.025610351562500000e+01
-7.943457031250000000e+01
-8.082437133789062500e+01
-7.863732147216796875e+01
-7.953146362304687500e+01
-7.906015777587890625e+01
-7.845015716552734375e+01
-7.971615600585937500e+01
-8.085491180419921875e+01
-8.122740173339843750e+01
-8.146071624755859375e+01
-8.373887634277343750e+01
-8.452483367919921875e+01
-8.581052398681640625e+01
-8.409904479980468750e+01
-8.400455474853515625e+01
-8.488745117187500000e+01
-8.258467864990234375e+01
-8.194748687744140625e+01
-8.110591888427734375e+01
-8.062998199462890625e+01
-8.007093811035156250e+01
-8.117906188964843750e+01
-8.141743469238281250e+01
-8.223517608642578125e+01
-8.212048339843750000e+01
-8.067546081542968750e+01
-8.443186187744140625e+01
-8.489477539062500000e+01
-8.235115814208984375e+01
-8.282179260253906250e+01
-8.240327453613281250e+01
-8.331189727783203125e+01
-8.395812988281250000e+01
-8.381242370605468750e+01
-8.563163757324218750e+01
-8.389052581787109375e+01
-8.486419677734375000e+01
-8.354289245605468750e+01
-8.398892211914062500e+01
-8.324014282226562500e+01
-8.173252868652343750e+01
-7.867330169677734375e+01
-8.134486389160156250e+01
-8.067871093750000000e+01
-7.956608581542968750e+01
-7.823409271240234375e+01
-7.474114990234375000e+01
-7.402859497070312500e+01
-7.045905303955078125e+01
-6.777922058105468750e+01
-6.487271118164062500e+01
-6.153240203857421875e+01
-5.935747146606445312e+01
-5.919400405883789062e+01
-6.059263610839843750e+01
-6.121900558471679688e+01
-7.066384124755859375e+01
-7.723536682128906250e+01
-8.794129943847656250e+01
-9.367214965820312500e+01
-9.771865081787109375e+01
-9.647094726562500000e+01
-9.316548156738281250e+01
-9.178167724609375000e+01
-8.809344482421875000e+01
-8.772896575927734375e+01
