-9.529605865478515625e+01
-9.456085205078125000e+01
-9.329759216308593750e+01
-9.090560913085937500e+01
-9.132601928710937500e+01
-8.392983245849609375e+01
-8.919297790527343750e+01
-9.138510894775390625e+01
-8.162590789794921875e+01
-8.245524597167968750e+01
-7.862995910644531250e+01
-7.936657714843750000e+01
-8.398454284667968750e+01
-8.223840332031250000e+01
-8.821704864501953125e+01
-8.761666107177734375e+01
-8.782089233398437500e+01
-8.791057586669921875e+01
-9.283182525634765625e+01
-9.374994659423828125e+01
-8.268248748779296875e+01
-8.801718902587890625e+01
-9.800133514404296875e+01
-9.441440582275390625e+01
-9.209242248535156250e+01
-9.304527282714843750e+01
-9.296692657470703125e+01
-9.429775238037109375e+01
-9.060426330566406250e+01
-9.417032623291015625e+01
-9.584227752685546875e+01
-9.070830535888671875e+01
-9.249641418457031250e+01
-9.747975921630859375e+01
-9.646730804443359375e+01
-8.770358276367187500e+01
-8.396365356445312500e+01
-9.103398132324218750e+01
-9.057267761230468750e+01
-8.546777343750000000e+01
-8.088646697998046875e+01
-8.246010589599609375e+01
-8.647194671630859375e+01
-8.617340850830078125e+01
-8.786689758300781250e+01
-9.178827667236328125e+01
-8.792707824707031250e+01
-8.844239044189453125e+01
-9.406131744384765625e+01
-9.040753936767578125e+01
-9.118890380859375000e+01
-9.454031372070312500e+01
-8.587541961669921875e+01
-9.254869079589843750e+01
-9.112212371826171875e+01
-9.338714599609375000e+01
-8.965520477294921875e+01
-8.850939941406250000e+01
-9.404890441894531250e+01
-9.117276763916015625e+01
-9.154463195800781250e+01
-9.216263580322265625e+01
-9.168074798583984375e+01
-9.725289916992187500e+01
-9.834776306152343750e+01
-8.917888641357421875e+01
-9.899489593505859375e+01
-9.417984008789062500e+01
-8.340065765380859375e+01
-8.772634887695312500e+01
-8.370704650878906250e+01
-9.280811309814453125e+01
-8.433679962158203125e+01
-8.625291442871093750e+01
-9.329567718505859375e+01
-9.119138336181640625e+01
-8.874964141845703125e+01
-8.510588073730468750e+01
-9.369703674316406250e+01
-9.094549560546875000e+01
-8.089807891845703125e+01
-9.586275482177734375e+01
-9.101630401611328125e+01
-9.310603332519531250e+01
-8.870170593261718750e+01
-8.298131561279296875e+01
-8.912179565429687500e+01
-9.048933410644531250e+01
-8.680281829833984375e+01
-8.987202453613281250e+01
-8.868529510498046875e+01
-9.323247528076171875e+01
-8.823011779785156250e+01
-9.483531951904296875e+01
-9.992467498779296875e+01
-8.678343963623046875e+01
-9.803015136718750000e+01
-9.490811920166015625e+01
-9.420867156982421875e+01
-9.652917480468750000e+01
-8.061070251464843750e+01
-9.082397460937500000e+01
-8.916902160644531250e+01
-9.320652770996093750e+01
-9.414753723144531250e+01
-8.873003387451171875e+01
-9.298582458496093750e+01
-8.875254821777343750e+01
-8.651808929443359375e+01
-9.261497497558593750e+01
-8.427140808105468750e+01
-8.540921020507812500e+01
-8.719978332519531250e+01
-9.049678039550781250e+01
-9.103675079345703125e+01
-8.782001495361328125e+01
-8.784087371826171875e+01
-8.046918487548828125e+01
-8.208812713623046875e+01
-8.939075469970703125e+01
-8.672112274169921875e+01
-8.643335723876953125e+01
-8.699349975585937500e+01
-8.776470947265625000e+01
-9.837454223632812500e+01
-9.118277740478515625e+01
-9.397939300537109375e+01
-9.705264282226562500e+01
-9.372834777832031250e+01
-9.706075286865234375e+01
-9.455939483642578125e+01
-9.267853546142578125e+01
-9.627696228027343750e+01
-8.787066650390625000e+01
-9.271017456054687500e+01
-9.809579467773437500e+01
-9.387077331542968750e+01
-8.699311065673828125e+01
-8.419548797607421875e+01
-9.413085174560546875e+01
-9.582450866699218750e+01
-8.019178771972656250e+01
-8.700818634033203125e+01
-8.662395477294921875e+01
-8.594087982177734375e+01
-8.620026397705078125e+01
-8.599926757812500000e+01
-8.854838562011718750e+01
-8.655356597900390625e+01
-8.020598602294921875e+01
-8.432464599609375000e+01
-8.378744506835937500e+01
-8.923869323730468750e+01
-8.476764678955078125e+01
-8.951559448242187500e+01
-9.945359039306640625e+01
-8.883178710937500000e+01
-9.375496673583984375e+01
-9.567993164062500000e+01
-9.417391204833984375e+01
-9.728006744384765625e+01
-9.204020690917968750e+01
-9.580730438232421875e+01
-1.001812591552734375e+02
-9.549071502685546875e+01
-9.459725189208984375e+01
-9.268127441406250000e+01
-9.057087707519531250e+01
-9.874499511718750000e+01
-9.297451019287109375e+01
-9.286339569091796875e+01
-8.377825927734375000e+01
-8.737560272216796875e+01
-8.933629608154296875e+01
-8.216713714599609375e+01
-8.806329345703125000e+01
-8.517542266845703125e+01
-8.225794982910156250e+01
-8.748961639404296875e+01
-7.850029754638671875e+01
-8.597661590576171875e+01
-8.667446899414062500e+01
-7.877552032470703125e+01
-8.463702392578125000e+01
-8.312375640869140625e+01
-9.473031616210937500e+01
-8.555245208740234375e+01
-8.774376678466796875e+01
-9.483910369873046875e+01
-9.271402740478515625e+01
-9.104206848144531250e+01
-9.356697845458984375e+01
-9.125753784179687500e+01
-9.796632385253906250e+01
-9.943688201904296875e+01
-9.635818481445312500e+01
-1.017186737060546875e+02
-1.001262054443359375e+02
-8.766114044189453125e+01
-9.274134063720703125e+01
-9.561372375488281250e+01
-1.002479553222656250e+02
-8.214472198486328125e+01
-8.873057556152343750e+01
-8.972990417480468750e+01
-8.412255096435546875e+01
-8.734981536865234375e+01
-8.028749847412109375e+01
-8.111103820800781250e+01
-8.212527465820312500e+01
-7.162068176269531250e+01
-8.776846313476562500e+01
-8.168566131591796875e+01
-7.978967285156250000e+01
-8.452217102050781250e+01
-7.814658355712890625e+01
-9.210193634033203125e+01
-8.583388519287109375e+01
-8.797998809814453125e+01
-9.384819030761718750e+01
-8.665746307373046875e+01
-9.282431030273437500e+01
-8.893128204345703125e+01
-9.301611328125000000e+01
-9.920201110839843750e+01
-9.591550445556640625e+01
-1.009969100952148438e+02
-1.020196456909179688e+02
-9.813121795654296875e+01
-9.964076232910156250e+01
-9.797541046142578125e+01
-8.887012481689453125e+01
-9.066314697265625000e+01
-9.496600341796875000e+01
-9.384360504150390625e+01
-8.619902801513671875e+01
-8.630316925048828125e+01
-8.761043548583984375e+01
-8.444047546386718750e+01
-8.274370574951171875e+01
-7.904918670654296875e+01
-8.071772766113281250e+01
-8.147359466552734375e+01
-7.911447143554687500e+01
-8.423173522949218750e+01
-8.550695800781250000e+01
-8.939815521240234375e+01
-8.086026000976562500e+01
-8.202391052246093750e+01
-8.815650177001953125e+01
-9.419200134277343750e+01
-8.767716217041015625e+01
-8.827798461914062500e+01
-9.093161773681640625e+01
-9.536542510986328125e+01
-9.531700134277343750e+01
-9.798794555664062500e+01
-1.051574096679687500e+02
-1.018182601928710938e+02
-9.812039184570312500e+01
-9.772834777832031250e+01
-1.028002548217773438e+02
-1.034746780395507812e+02
-8.556331634521484375e+01
-9.376499176025390625e+01
-9.464199066162109375e+01
-9.511419677734375000e+01
-8.970529174804687500e+01
-8.422979736328125000e+01
-8.364505767822265625e+01
-8.574529266357421875e+01
-7.596556091308593750e+01
-8.133280181884765625e+01
-8.123602294921875000e+01
-7.611425781250000000e+01
-7.797039031982421875e+01
-8.601174163818359375e+01
-8.711844635009765625e+01
-8.563794708251953125e+01
-8.636496734619140625e+01
-8.312541198730468750e+01
-8.171300506591796875e+01
-9.105173492431640625e+01
-8.805754089355468750e+01
-8.959470367431640625e+01
-9.504975891113281250e+01
-9.528026580810546875e+01
-9.918028259277343750e+01
-1.005860290527343750e+02
-9.560311889648437500e+01
-1.005792236328125000e+02
-1.011884689331054688e+02
-1.043779220581054688e+02
-9.654809570312500000e+01
-9.582192230224609375e+01
-9.870803833007812500e+01
-8.956973266601562500e+01
-9.034290313720703125e+01
-9.386928558349609375e+01
-8.606343078613281250e+01
-8.229361724853515625e+01
-7.907936859130859375e+01
-8.189337158203125000e+01
-8.504733276367187500e+01
-7.757824707031250000e+01
-7.838587188720703125e+01
-8.641244506835937500e+01
-8.422925567626953125e+01
-7.941645050048828125e+01
-8.539596557617187500e+01
-8.743379974365234375e+01
-8.867999267578125000e+01
-8.099898529052734375e+01
-8.244940948486328125e+01
-8.849279022216796875e+01
-9.300507354736328125e+01
-9.439391326904296875e+01
-9.352561950683593750e+01
-9.810752105712890625e+01
-1.007038574218750000e+02
-9.085027313232421875e+01
-1.031464004516601562e+02
-1.012488555908203125e+02
-9.705587768554687500e+01
-1.028166046142578125e+02
-9.492710113525390625e+01
-1.006904373168945312e+02
-9.755964660644531250e+01
-8.516603851318359375e+01
-9.162744903564453125e+01
-8.465007019042968750e+01
-9.043776702880859375e+01
-8.034162902832031250e+01
-8.004864501953125000e+01
-8.906541442871093750e+01
-7.848855590820312500e+01
-7.619108581542968750e+01
-8.711948394775390625e+01
-8.019973754882812500e+01
-8.308801269531250000e+01
-7.919862365722656250e+01
-8.349477386474609375e+01
-8.470778656005859375e+01
-8.296633148193359375e+01
-8.693769836425781250e+01
-8.275592041015625000e+01
-9.025635528564453125e+01
-9.669301605224609375e+01
-9.333474731445312500e+01
-9.822159576416015625e+01
-9.289094543457031250e+01
-9.419917297363281250e+01
-1.011688003540039062e+02
-9.761743164062500000e+01
-9.545162963867187500e+01
-1.002839889526367188e+02
-9.818435668945312500e+01
-1.011065979003906250e+02
-9.790931701660156250e+01
-9.500067901611328125e+01
-9.063339233398437500e+01
-8.462010192871093750e+01
-8.327092742919921875e+01
-9.018899536132812500e+01
-8.521364593505859375e+01
-8.063966369628906250e+01
-7.762725830078125000e+01
-8.653794097900390625e+01
-8.562086486816406250e+01
-7.432408142089843750e+01
-8.466212463378906250e+01
-8.148965454101562500e+01
-8.115575408935546875e+01
-8.635764312744140625e+01
-7.718858337402343750e+01
-9.205127716064453125e+01
-9.162595367431640625e+01
-8.147794342041015625e+01
-9.434098052978515625e+01
-9.433898162841796875e+01
-9.622868347167968750e+01
-9.268304443359375000e+01
-9.661688995361328125e+01
-1.021857986450195312e+02
-9.335981750488281250e+01
-9.972033691406250000e+01
-1.007727355957031250e+02
-9.904985046386718750e+01
-1.009507446289062500e+02
-9.632494354248046875e+01
-9.691185760498046875e+01
-9.323204803466796875e+01
-8.970956420898437500e+01
-8.444070434570312500e+01
-8.526901245117187500e+01
-9.039226531982421875e+01
-8.566358947753906250e+01
-8.185482025146484375e+01
-8.580091857910156250e+01
-7.889196777343750000e+01
-8.419750213623046875e+01
-8.434769439697265625e+01
-8.218008422851562500e+01
-8.511112976074218750e+01
-7.965440368652343750e+01
-8.361970520019531250e+01
-8.903350067138671875e+01
-9.071064758300781250e+01
-9.500868988037109375e+01
-8.767817687988281250e+01
-9.173262786865234375e+01
-9.356024932861328125e+01
-9.307776641845703125e+01
-1.002580413818359375e+02
-9.696524810791015625e+01
-9.313935089111328125e+01
-9.988177490234375000e+01
-9.456067657470703125e+01
-1.001491012573242188e+02
-1.002075195312500000e+02
-9.342551422119140625e+01
-9.734700775146484375e+01
-9.130392456054687500e+01
-9.171700286865234375e+01
-9.570605468750000000e+01
-8.180308532714843750e+01
-8.747725677490234375e+01
-8.448725891113281250e+01
-9.258464050292968750e+01
-8.720365905761718750e+01
-7.955962371826171875e+01
-8.611894226074218750e+01
-8.609432220458984375e+01
-7.724097442626953125e+01
-8.299363708496093750e+01
-7.787727355957031250e+01
-8.399938201904296875e+01
-8.423047637939453125e+01
-8.614665222167968750e+01
-9.476020812988281250e+01
-9.178661346435546875e+01
-8.732772064208984375e+01
-8.817337036132812500e+01
-8.982197570800781250e+01
-1.030154571533203125e+02
-8.715006256103515625e+01
-9.252424621582031250e+01
-9.964733886718750000e+01
-9.451410675048828125e+01
-9.718959045410156250e+01
-9.282263183593750000e+01
-9.422629547119140625e+01
-9.707360076904296875e+01
-9.094081878662109375e+01
-9.255776977539062500e+01
-9.508116149902343750e+01
-9.193622589111328125e+01
-8.519730377197265625e+01
-8.979425048828125000e+01
-8.863322448730468750e+01
-8.970685577392578125e+01
-8.423133850097656250e+01
-8.747847747802734375e+01
-8.389585876464843750e+01
-8.362711334228515625e+01
-8.103979492187500000e+01
-7.968491363525390625e+01
-8.510234832763671875e+01
-8.417733001708984375e+01
-8.486730194091796875e+01
-9.357733154296875000e+01
-8.801689147949218750e+01
-8.659681701660156250e+01
-9.191400146484375000e+01
-8.660477447509765625e+01
-9.165536499023437500e+01
-8.916777801513671875e+01
-9.308106231689453125e+01
-9.233034515380859375e+01
-9.095304870605468750e+01
-9.602215576171875000e+01
-9.227399444580078125e+01
-9.223958587646484375e+01
-9.605723571777343750e+01
-9.055804443359375000e+01
-9.776787567138671875e+01
-9.858248138427734375e+01
-9.162345886230468750e+01
-9.390263366699218750e+01
-9.361369323730468750e+01
-9.001129150390625000e+01
-9.035387420654296875e+01
-9.142099761962890625e+01
-9.244148254394531250e+01
-8.231450653076171875e+01
-8.295627593994140625e+01
-8.216222381591796875e+01
-8.522776031494140625e+01
-8.852674102783203125e+01
-8.196272277832031250e+01
-9.020752716064453125e+01
-8.783843231201171875e+01
-8.128344726562500000e+01
-8.907324981689453125e+01
-9.178945922851562500e+01
-9.189918518066406250e+01
-8.432073211669921875e+01
-8.380582427978515625e+01
-9.221403503417968750e+01
-9.455534362792968750e+01
-9.042682647705078125e+01
-9.167194366455078125e+01
-9.229524230957031250e+01
-9.369477844238281250e+01
-9.044956970214843750e+01
-9.332958984375000000e+01
-9.909072113037109375e+01
-9.691754913330078125e+01
-9.515184783935546875e+01
-9.751266479492187500e+01
-1.000301971435546875e+02
-9.680759429931640625e+01
-8.689669036865234375e+01
-9.285299682617187500e+01
-9.219071197509765625e+01
-9.265654754638671875e+01
-8.710846710205078125e+01
-8.409821319580078125e+01
-8.536769104003906250e+01
-8.845422363281250000e+01
-8.180919647216796875e+01
-8.602366638183593750e+01
-8.759695434570312500e+01
-7.924660491943359375e+01
-8.194812774658203125e+01
-8.539213562011718750e+01
-8.953771209716796875e+01
-8.144655609130859375e+01
-8.797149658203125000e+01
-8.395911407470703125e+01
-8.452720642089843750e+01
-9.110205078125000000e+01
-9.163479614257812500e+01
-8.571381378173828125e+01
-9.171402740478515625e+01
-9.151035308837890625e+01
-9.487916564941406250e+01
-9.521489715576171875e+01
-9.530280303955078125e+01
-9.861492156982421875e+01
-1.000590591430664062e+02
-1.009264221191406250e+02
-9.405573272705078125e+01
-9.764919281005859375e+01
-1.005562286376953125e+02
-8.863240051269531250e+01
-8.849378204345703125e+01
-8.908976745605468750e+01
-8.946193695068359375e+01
-8.452938079833984375e+01
-8.684590911865234375e+01
-8.403439331054687500e+01
-8.904919433593750000e+01
-8.318909454345703125e+01
-7.797788238525390625e+01
-8.067725372314453125e+01
-8.393514251708984375e+01
-8.531468963623046875e+01
-7.922310638427734375e+01
-7.995674133300781250e+01
-8.759142303466796875e+01
-8.720876312255859375e+01
-8.234893798828125000e+01
-8.596884155273437500e+01
-8.983222198486328125e+01
-9.321460723876953125e+01
-8.583775329589843750e+01
-9.291328430175781250e+01
-9.701442718505859375e+01
-9.441116333007812500e+01
-9.828256225585937500e+01
-1.012174301147460938e+02
-1.023875274658203125e+02
-9.692176818847656250e+01
-1.038589324951171875e+02
-1.018368988037109375e+02
-9.691145324707031250e+01
-9.670449829101562500e+01
-8.341037750244140625e+01
-8.945352935791015625e+01
-9.246061706542968750e+01
-9.029483795166015625e+01
-8.479666137695312500e+01
-8.634345245361328125e+01
-8.836026763916015625e+01
-8.337964630126953125e+01
-7.916810607910156250e+01
-8.509905242919921875e+01
-8.758142089843750000e+01
-7.401403808593750000e+01
-7.916213989257812500e+01
-8.456999206542968750e+01
-8.152560424804687500e+01
-8.893276214599609375e+01
-8.558037567138671875e+01
-7.907950592041015625e+01
-8.653135681152343750e+01
-8.706285858154296875e+01
-9.518199157714843750e+01
-9.205296325683593750e+01
-9.074251556396484375e+01
-9.735794067382812500e+01
-9.920977020263671875e+01
-1.039897232055664062e+02
-9.579750061035156250e+01
-1.033171005249023438e+02
-1.042152328491210938e+02
-9.930834197998046875e+01
-9.790238952636718750e+01
-9.273550415039062500e+01
-9.436694335937500000e+01
-8.877912139892578125e+01
-8.918247222900390625e+01
-9.305435180664062500e+01
-9.021461486816406250e+01
-8.159697723388671875e+01
-8.130562591552734375e+01
-8.484794616699218750e+01
-8.802970886230468750e+01
-8.090085601806640625e+01
-7.485573577880859375e+01
-8.311301422119140625e+01
-7.598731231689453125e+01
-7.865726470947265625e+01
-8.503324890136718750e+01
-8.098921203613281250e+01
-8.654360961914062500e+01
-8.673765563964843750e+01
-7.892016601562500000e+01
-9.053239440917968750e+01
-9.429599761962890625e+01
-9.072080230712890625e+01
-9.287548828125000000e+01
-9.695476531982421875e+01
-1.019008026123046875e+02
-9.477716827392578125e+01
-1.004978866577148438e+02
-1.010846176147460938e+02
-9.794890594482421875e+01
-9.932933807373046875e+01
-9.468341064453125000e+01
-9.917308807373046875e+01
-9.814721679687500000e+01
-9.052814483642578125e+01
-9.013027954101562500e+01
-8.978231811523437500e+01
-8.939693450927734375e+01
-8.715086364746093750e+01
-8.056267547607421875e+01
-8.297442626953125000e+01
-8.104138183593750000e+01
-7.990431213378906250e+01
-8.105276489257812500e+01
-7.622499084472656250e+01
-8.347957611083984375e+01
-8.180198669433593750e+01
-7.571008300781250000e+01
-8.603888702392578125e+01
-8.258444213867187500e+01
-8.587159729003906250e+01
-8.819851684570312500e+01
-8.530973815917968750e+01
-8.889096832275390625e+01
-9.189027404785156250e+01
-9.722171020507812500e+01
-1.000086746215820312e+02
-9.564642333984375000e+01
-1.002541046142578125e+02
-9.912580108642578125e+01
-9.384853363037109375e+01
-9.899279022216796875e+01
-9.344464111328125000e+01
-9.908578491210937500e+01
-9.918832397460937500e+01
-9.453800964355468750e+01
-9.974630737304687500e+01
-9.164010620117187500e+01
-8.255511474609375000e+01
-8.758367919921875000e+01
-9.045142364501953125e+01
-9.085105133056640625e+01
-7.506767272949218750e+01
-7.531053924560546875e+01
-8.477214050292968750e+01
-7.831914520263671875e+01
-8.015900421142578125e+01
-7.824307250976562500e+01
-8.207230377197265625e+01
-8.261042022705078125e+01
-7.727367401123046875e+01
-8.644184112548828125e+01
-8.742218017578125000e+01
-9.014469909667968750e+01
-8.553469085693359375e+01
-8.729962158203125000e+01
-9.505702209472656250e+01
-9.401002502441406250e+01
-9.561623382568359375e+01
-9.854500579833984375e+01
-9.844087982177734375e+01
-9.876290130615234375e+01
-9.527590179443359375e+01
-9.218361663818359375e+01
-1.016067581176757812e+02
-9.823128509521484375e+01
-9.835692596435546875e+01
-9.864113616943359375e+01
-9.730416107177734375e+01
-9.472989654541015625e+01
-8.436046600341796875e+01
-8.863842010498046875e+01
-9.049088287353515625e+01
-8.127322387695312500e+01
-8.453010559082031250e+01
-8.219537353515625000e+01
-7.818824005126953125e+01
-8.462792968750000000e+01
-7.717610931396484375e+01
-7.819015502929687500e+01
-8.098722076416015625e+01
-7.741819000244140625e+01
-8.716210174560546875e+01
-8.611614990234375000e+01
-8.423566436767578125e+01
-9.042417907714843750e+01
-9.415711975097656250e+01
-9.076120758056640625e+01
-8.465200042724609375e+01
-9.603861999511718750e+01
-1.027214126586914062e+02
-9.459681701660156250e+01
-9.623012542724609375e+01
-9.257743072509765625e+01
-9.634526062011718750e+01
-9.716780090332031250e+01
-9.820463562011718750e+01
-1.028907775878906250e+02
-1.013068618774414062e+02
-1.009535522460937500e+02
-9.493339538574218750e+01
-9.285739135742187500e+01
-1.004441680908203125e+02
-8.887839508056640625e+01
-8.165073394775390625e+01
-8.711379241943359375e+01
-8.733060455322265625e+01
-8.268172454833984375e+01
-8.374426269531250000e+01
-7.880260467529296875e+01
-8.207372283935546875e+01
-7.814569854736328125e+01
-7.460800933837890625e+01
-8.561982727050781250e+01
-7.970343017578125000e+01
-8.114949798583984375e+01
-8.798843383789062500e+01
-8.833801269531250000e+01
-9.762227630615234375e+01
-8.982144165039062500e+01
-8.908311462402343750e+01
-9.517656707763671875e+01
-9.223204040527343750e+01
-9.723748016357421875e+01
-8.851350402832031250e+01
-9.338036346435546875e+01
-1.008742218017578125e+02
-9.378836059570312500e+01
-1.006809158325195312e+02
-9.823308563232421875e+01
-9.920034790039062500e+01
-9.666334533691406250e+01
-9.567158508300781250e+01
-9.692168426513671875e+01
-9.192363739013671875e+01
-8.901126098632812500e+01
-8.369783782958984375e+01
-8.561984252929687500e+01
-8.749121093750000000e+01
-8.711453247070312500e+01
-7.685756683349609375e+01
-8.160486602783203125e+01
-8.193344116210937500e+01
-7.823768615722656250e+01
-8.136229705810546875e+01
-8.294175720214843750e+01
-8.328511047363281250e+01
-7.993109130859375000e+01
-8.582234191894531250e+01
-9.412258911132812500e+01
-8.554640197753906250e+01
-9.103951263427734375e+01
-9.329937744140625000e+01
-8.119760894775390625e+01
-9.169720458984375000e+01
-9.007488250732421875e+01
-9.210968780517578125e+01
-9.555835723876953125e+01
-9.106430053710937500e+01
-1.008214035034179688e+02
-9.642980957031250000e+01
-9.326696014404296875e+01
-9.597090911865234375e+01
-9.835698699951171875e+01
-9.958921813964843750e+01
-9.239215087890625000e+01
-9.437409210205078125e+01
-9.612699127197265625e+01
-8.941462707519531250e+01
-8.505500793457031250e+01
-8.559204101562500000e+01
-8.826802825927734375e+01
-8.740225219726562500e+01
-7.726425170898437500e+01
-7.997808837890625000e+01
-8.489633941650390625e+01
-8.683473205566406250e+01
-8.159608459472656250e+01
-8.081015777587890625e+01
-9.372175598144531250e+01
-8.616032409667968750e+01
-8.337522888183593750e+01
-9.264307403564453125e+01
-9.074552154541015625e+01
-9.081743621826171875e+01
-8.803224182128906250e+01
-8.129973602294921875e+01
-9.195613861083984375e+01
-9.710770416259765625e+01
-9.079750061035156250e+01
-9.828236389160156250e+01
-9.630976867675781250e+01
-9.544194793701171875e+01
-9.461061096191406250e+01
-9.347766113281250000e+01
-1.044248428344726562e+02
-8.857918548583984375e+01
-9.937218475341796875e+01
-9.720754241943359375e+01
-9.557551574707031250e+01
-9.886785125732421875e+01
-8.697162628173828125e+01
-8.679977416992187500e+01
-8.659590911865234375e+01
-8.691864776611328125e+01
-8.669618988037109375e+01
-8.218650054931640625e+01
-8.283556365966796875e+01
-8.470140075683593750e+01
-8.359949493408203125e+01
-8.719004058837890625e+01
-8.015085601806640625e+01
-8.629604339599609375e+01
-8.995894622802734375e+01
-8.527880859375000000e+01
-8.758046722412109375e+01
-8.744712829589843750e+01
-8.743972778320312500e+01
-8.550875091552734375e+01
-8.559987640380859375e+01
-9.002964019775390625e+01
-9.833097076416015625e+01
-9.295004272460937500e+01
-9.189071655273437500e+01
-8.992260742187500000e+01
-9.730032348632812500e+01
-1.000025024414062500e+02
-8.696290588378906250e+01
-1.024614868164062500e+02
-9.910459136962890625e+01
-9.775625610351562500e+01
-9.927602386474609375e+01
-9.285690307617187500e+01
-9.553607177734375000e+01
-8.797309875488281250e+01
-8.337094879150390625e+01
-8.914385223388671875e+01
-8.864730834960937500e+01
-8.769603729248046875e+01
-8.360702514648437500e+01
-8.564745330810546875e+01
-8.816878509521484375e+01
-7.748028564453125000e+01
-8.193623352050781250e+01
-8.547322845458984375e+01
-8.150572204589843750e+01
-8.694946289062500000e+01
-7.937722015380859375e+01
-8.207843017578125000e+01
-9.108152770996093750e+01
-8.911692047119140625e+01
-8.568094635009765625e+01
-8.908949279785156250e+01
-9.074267578125000000e+01
-9.470594024658203125e+01
-8.744084167480468750e+01
-9.570285797119140625e+01
-1.009161071777343750e+02
-8.642327880859375000e+01
-9.873958587646484375e+01
-9.684390258789062500e+01
-1.019023208618164062e+02
-1.002480545043945312e+02
-9.346904754638671875e+01
-9.790444183349609375e+01
-9.554050445556640625e+01
-9.231653594970703125e+01
-9.125865936279296875e+01
-8.629734802246093750e+01
-8.904307556152343750e+01
-8.928769683837890625e+01
-8.860988616943359375e+01
-8.895265960693359375e+01
-7.771569061279296875e+01
-8.509987640380859375e+01
-8.346006011962890625e+01
-8.031643676757812500e+01
-8.379521942138671875e+01
-7.628363800048828125e+01
-7.812237548828125000e+01
-8.121622467041015625e+01
-8.448577117919921875e+01
-8.908261871337890625e+01
-8.903457641601562500e+01
-8.561640167236328125e+01
-8.326060485839843750e+01
-8.254154968261718750e+01
-9.633164215087890625e+01
-9.589482879638671875e+01
-8.636369323730468750e+01
-9.932209014892578125e+01
-9.730475616455078125e+01
-9.831672668457031250e+01
-9.771272277832031250e+01
-9.632050323486328125e+01
-1.000941314697265625e+02
-9.716001129150390625e+01
-9.759585571289062500e+01
-9.963792419433593750e+01
-9.398929595947265625e+01
-9.548301696777343750e+01
-8.330010986328125000e+01
-8.865207672119140625e+01
-9.695099639892578125e+01
-8.360788726806640625e+01
-8.135186767578125000e+01
-8.150215148925781250e+01
-8.387055969238281250e+01
-8.189319610595703125e+01
-7.481009674072265625e+01
-7.552499389648437500e+01
-7.825658416748046875e+01
-7.896768188476562500e+01
-7.851212310791015625e+01
-8.610639953613281250e+01
-8.571348571777343750e+01
-8.409647369384765625e+01
-8.605407714843750000e+01
-8.567811584472656250e+01
-9.189662170410156250e+01
-8.906378173828125000e+01
-9.539029693603515625e+01
-9.549826812744140625e+01
-9.803585815429687500e+01
-1.003031616210937500e+02
-9.797913360595703125e+01
-9.918148040771484375e+01
-9.892359161376953125e+01
-1.017009811401367188e+02
-9.728136444091796875e+01
-9.911148071289062500e+01
-1.012919845581054688e+02
-9.495822906494140625e+01
-9.691220855712890625e+01
-9.040099334716796875e+01
-9.260770416259765625e+01
-8.919773101806640625e+01
-8.883198547363281250e+01
-8.368913269042968750e+01
-8.143857574462890625e+01
-7.807949829101562500e+01
-7.580939483642578125e+01
-7.583923339843750000e+01
-7.638623046875000000e+01
-8.002554321289062500e+01
-8.249857330322265625e+01
-8.310016632080078125e+01
-8.222660827636718750e+01
-8.070947265625000000e+01
-9.189660644531250000e+01
-8.904560852050781250e+01
