-6.885075378417968750e+01
-6.738995361328125000e+01
-6.658499145507812500e+01
-6.866310119628906250e+01
-6.925706481933593750e+01
-6.165184783935546875e+01
-5.436964797973632812e+01
-4.581140518188476562e+01
-4.863247680664062500e+01
-4.868495178222656250e+01
-5.428447341918945312e+01
-6.288098144531250000e+01
-5.863137054443359375e+01
-6.431034851074218750e+01
-6.980319976806640625e+01
-6.420574951171875000e+01
-6.244214248657226562e+01
-5.930854797363281250e+01
-6.410012054443359375e+01
-6.510433197021484375e+01
-6.381531143188476562e+01
-6.236383438110351562e+01
-5.711241149902343750e+01
-5.531203842163085938e+01
-5.504607009887695312e+01
-4.876327133178710938e+01
-6.299622726440429688e+01
-6.431999969482421875e+01
-6.578302764892578125e+01
-6.758329772949218750e+01
-6.748123168945312500e+01
-7.333938598632812500e+01
-6.311198806762695312e+01
-6.797416687011718750e+01
-6.665546417236328125e+01
-6.398486328125000000e+01
-7.084191131591796875e+01
-6.214498138427734375e+01
-5.421317291259765625e+01
-5.052370834350585938e+01
-4.602384948730468750e+01
-4.862472915649414062e+01
-5.071950531005859375e+01
-5.465302658081054688e+01
-6.662139892578125000e+01
-6.297939300537109375e+01
-6.754953765869140625e+01
-7.014836883544921875e+01
-5.978174972534179688e+01
-6.807698822021484375e+01
-6.416107940673828125e+01
-6.334985351562500000e+01
-7.154373168945312500e+01
-6.248380661010742188e+01
-6.372438812255859375e+01
-5.836547851562500000e+01
-5.661136245727539062e+01
-5.463224792480468750e+01
-5.572365951538085938e+01
-6.382156753540039062e+01
-6.855014801025390625e+01
-6.713076019287109375e+01
-7.127986907958984375e+01
-7.048406982421875000e+01
-6.829645538330078125e+01
-6.857898712158203125e+01
-6.764146423339843750e+01
-7.306076049804687500e+01
-6.825613403320312500e+01
-6.691789245605468750e+01
-6.078704452514648438e+01
-5.099650955200195312e+01
-5.029550552368164062e+01
-4.642698287963867188e+01
-5.208458328247070312e+01
-6.156666183471679688e+01
-6.372703170776367188e+01
-6.713379669189453125e+01
-6.788672637939453125e+01
-7.170010375976562500e+01
-6.736656951904296875e+01
-6.384889602661132812e+01
-6.688488769531250000e+01
-6.746097564697265625e+01
-7.261099243164062500e+01
-6.800084686279296875e+01
-6.162609863281250000e+01
-6.068991470336914062e+01
-5.954962539672851562e+01
-5.221585464477539062e+01
-5.804566574096679688e+01
-6.173215866088867188e+01
-6.825466156005859375e+01
-6.602415466308593750e+01
-6.374546051025390625e+01
-7.233016204833984375e+01
-6.404206848144531250e+01
-6.602778625488281250e+01
-6.859535980224609375e+01
-6.573848724365234375e+01
-6.890702056884765625e+01
-6.522805786132812500e+01
-5.790208053588867188e+01
-5.308778762817382812e+01
-4.634299087524414062e+01
-4.974676513671875000e+01
-5.099062347412109375e+01
-5.761048889160156250e+01
-6.324817276000976562e+01
-6.289661788940429688e+01
-6.930879211425781250e+01
-6.977285766601562500e+01
-6.362875747680664062e+01
-6.677572631835937500e+01
-6.276898193359375000e+01
-6.942962646484375000e+01
-6.880738830566406250e+01
-6.296508407592773438e+01
-6.277966308593750000e+01
-5.766549682617187500e+01
-5.618852615356445312e+01
-5.227451324462890625e+01
-5.182785797119140625e+01
-5.908071517944335938e+01
-6.448333740234375000e+01
-6.336209487915039062e+01
-6.636777496337890625e+01
-6.743365478515625000e+01
-6.496645355224609375e+01
-6.287876510620117188e+01
-6.233613204956054688e+01
-6.731314849853515625e+01
-6.340069198608398438e+01
-6.607014465332031250e+01
-5.757227325439453125e+01
-4.847056198120117188e+01
-4.949171447753906250e+01
-4.530517196655273438e+01
-4.969926834106445312e+01
-5.498101806640625000e+01
-6.255261611938476562e+01
-6.344882583618164062e+01
-6.402546691894531250e+01
-7.172132873535156250e+01
-6.581029510498046875e+01
-6.246916961669921875e+01
-6.687500000000000000e+01
-6.669287872314453125e+01
-6.796156311035156250e+01
-6.659196472167968750e+01
-5.865359497070312500e+01
-6.067332077026367188e+01
-5.468386840820312500e+01
-4.957424163818359375e+01
-5.602490615844726562e+01
-5.644832992553710938e+01
-6.648739624023437500e+01
-6.204162979125976562e+01
-6.453501892089843750e+01
-7.217807769775390625e+01
-6.233559799194335938e+01
-6.541957855224609375e+01
-6.438504791259765625e+01
-6.648833465576171875e+01
-7.066699218750000000e+01
-6.689107513427734375e+01
-5.964809036254882812e+01
-5.247484970092773438e+01
-4.779575729370117188e+01
-5.147593688964843750e+01
-5.168603134155273438e+01
-5.756307983398437500e+01
-6.483164978027343750e+01
-6.335063934326171875e+01
-6.873307800292968750e+01
-7.001203918457031250e+01
-6.575019836425781250e+01
-6.818157958984375000e+01
-6.383955764770507812e+01
-7.074371337890625000e+01
-6.931123352050781250e+01
-6.641914367675781250e+01
-6.492370605468750000e+01
-5.663589477539062500e+01
-5.932017898559570312e+01
-5.223214721679687500e+01
-5.333609390258789062e+01
-6.144660186767578125e+01
-6.521919250488281250e+01
-6.458732604980468750e+01
-6.642325592041015625e+01
-6.898554992675781250e+01
-6.803565216064453125e+01
-6.455309295654296875e+01
-6.877214813232421875e+01
-7.045088958740234375e+01
-6.742103576660156250e+01
-6.961971282958984375e+01
-5.910716629028320312e+01
-5.556574630737304688e+01
-5.041632080078125000e+01
-4.825078582763671875e+01
-5.343507766723632812e+01
-5.859443664550781250e+01
-6.569579315185546875e+01
-6.569083404541015625e+01
-6.768923187255859375e+01
-7.146457672119140625e+01
-6.421293640136718750e+01
-6.497141265869140625e+01
-6.621771240234375000e+01
-6.406311798095703125e+01
-6.948656463623046875e+01
-6.272929000854492188e+01
-5.968474960327148438e+01
-5.781837844848632812e+01
-5.348312759399414062e+01
-5.020716476440429688e+01
-5.350902938842773438e+01
-5.905347442626953125e+01
-6.685659790039062500e+01
-6.130699920654296875e+01
-6.726119232177734375e+01
-6.893719482421875000e+01
-6.488562774658203125e+01
-6.905532836914062500e+01
-6.473246765136718750e+01
-6.940200042724609375e+01
-6.604627990722656250e+01
-6.404595947265625000e+01
-6.236894607543945312e+01
-4.987239074707031250e+01
-4.953595352172851562e+01
-4.956222915649414062e+01
-5.074084854125976562e+01
-6.105212402343750000e+01
-6.144161605834960938e+01
-6.533892059326171875e+01
-6.858624267578125000e+01
-6.793519592285156250e+01
-6.526583099365234375e+01
-6.024092483520507812e+01
-6.185002899169921875e+01
-6.604934692382812500e+01
-6.446929931640625000e+01
-6.304607009887695312e+01
-5.644440078735351562e+01
-5.421841049194335938e+01
-5.452172088623046875e+01
-4.605915451049804688e+01
-5.068673706054687500e+01
-5.905955505371093750e+01
-6.167550277709960938e+01
-6.379909896850585938e+01
-6.431153869628906250e+01
-7.026416015625000000e+01
-6.533837890625000000e+01
-6.610792541503906250e+01
-6.985502624511718750e+01
-6.807445526123046875e+01
-6.987402343750000000e+01
-6.611046600341796875e+01
-6.035089492797851562e+01
-5.340225219726562500e+01
-4.831848144531250000e+01
-4.866041183471679688e+01
-5.397174835205078125e+01
-5.721348571777343750e+01
-6.635648345947265625e+01
-6.187011337280273438e+01
-6.754153442382812500e+01
-7.017333984375000000e+01
-5.836164474487304688e+01
-6.431641387939453125e+01
-5.976848602294921875e+01
-6.319555282592773438e+01
-6.806986999511718750e+01
-5.839804458618164062e+01
-5.918732070922851562e+01
-5.308460617065429688e+01
-5.001803588867187500e+01
-4.822771453857421875e+01
-5.105843353271484375e+01
-6.217080688476562500e+01
-6.163945770263671875e+01
-6.293313980102539062e+01
-6.662229156494140625e+01
-6.737545776367187500e+01
-6.836406707763671875e+01
-6.628838348388671875e+01
-6.661402893066406250e+01
-7.124549865722656250e+01
-6.848676300048828125e+01
-7.025263214111328125e+01
-5.984815979003906250e+01
-5.201650619506835938e+01
-5.210485458374023438e+01
-4.825341033935546875e+01
-5.539598464965820312e+01
-5.820407104492187500e+01
-6.398948669433593750e+01
-6.471212005615234375e+01
-6.517490386962890625e+01
-6.867488861083984375e+01
-6.082102584838867188e+01
-5.735294723510742188e+01
-6.316893005371093750e+01
-6.081984329223632812e+01
-6.515457153320312500e+01
-6.025002670288085938e+01
-5.556662750244140625e+01
-5.634720611572265625e+01
-5.075018310546875000e+01
-4.623982238769531250e+01
-5.347491455078125000e+01
-6.127062988281250000e+01
-6.416052246093750000e+01
-6.297077941894531250e+01
-6.494664001464843750e+01
-7.213484191894531250e+01
-6.610395812988281250e+01
-7.049771881103515625e+01
-6.921829986572265625e+01
-6.993429565429687500e+01
-7.336528778076171875e+01
-6.831376647949218750e+01
-6.452192687988281250e+01
-5.552754974365234375e+01
-5.092395401000976562e+01
-5.400336456298828125e+01
-5.347891616821289062e+01
-6.316931152343750000e+01
-6.473901367187500000e+01
-6.615871429443359375e+01
-7.168734741210937500e+01
-6.768387603759765625e+01
-6.341234588623046875e+01
-6.356303024291992188e+01
-6.105513763427734375e+01
-6.632481384277343750e+01
-6.190623474121093750e+01
-6.103369522094726562e+01
-5.840954589843750000e+01
-5.323771667480468750e+01
-5.367578506469726562e+01
-4.542668533325195312e+01
-5.228641510009765625e+01
-6.179703903198242188e+01
-6.370519638061523438e+01
-6.480987548828125000e+01
-6.576251220703125000e+01
-7.342413330078125000e+01
-7.139533996582031250e+01
-6.694666290283203125e+01
-7.167478179931640625e+01
-7.155262756347656250e+01
-7.190007019042968750e+01
-7.229246520996093750e+01
-6.238438034057617188e+01
-5.855656433105468750e+01
-5.453052902221679688e+01
-5.097659683227539062e+01
-5.586137008666992188e+01
-5.883718490600585938e+01
-6.675523376464843750e+01
-6.408448028564453125e+01
-6.509346008300781250e+01
-7.256144714355468750e+01
-6.048254776000976562e+01
-6.194920349121093750e+01
-6.164319610595703125e+01
-6.169403839111328125e+01
-6.502721405029296875e+01
-5.997895812988281250e+01
-5.535757446289062500e+01
-5.535367584228515625e+01
-4.843074035644531250e+01
-4.928738784790039062e+01
-4.788648605346679688e+01
-5.562507629394531250e+01
-6.492708587646484375e+01
-5.987443542480468750e+01
-6.917738342285156250e+01
-7.157259368896484375e+01
-6.787950897216796875e+01
-6.937873840332031250e+01
-6.764577484130859375e+01
-7.256822204589843750e+01
-6.987622070312500000e+01
-7.119438934326171875e+01
-6.803910827636718750e+01
-5.688379669189453125e+01
-5.461851882934570312e+01
-5.225854873657226562e+01
-4.828083038330078125e+01
-5.947443389892578125e+01
-5.942024993896484375e+01
-6.369253158569335938e+01
-6.228264999389648438e+01
-6.693638610839843750e+01
-6.663545989990234375e+01
-5.657744979858398438e+01
-5.848473739624023438e+01
-6.217677688598632812e+01
-5.800788879394531250e+01
-6.447998046875000000e+01
-5.583925628662109375e+01
-5.314709472656250000e+01
-5.262969207763671875e+01
-4.633364105224609375e+01
-4.665739822387695312e+01
-5.177140808105468750e+01
-6.182766723632812500e+01
-6.439775848388671875e+01
-6.457994842529296875e+01
-7.090653228759765625e+01
-7.178923797607421875e+01
-6.270741271972656250e+01
-7.454174804687500000e+01
-6.916507720947265625e+01
-7.243725585937500000e+01
-7.527655792236328125e+01
-6.904351806640625000e+01
-6.539875030517578125e+01
-5.465266036987304688e+01
-5.502418899536132812e+01
-5.458366775512695312e+01
-5.637839889526367188e+01
-6.632027435302734375e+01
-6.282093048095703125e+01
-6.581922149658203125e+01
-6.746755981445312500e+01
-6.685169219970703125e+01
-6.158986663818359375e+01
-5.825484085083007812e+01
-6.065266799926757812e+01
-6.392833709716796875e+01
-6.285660552978515625e+01
-6.004678726196289062e+01
-5.453906631469726562e+01
-5.560636138916015625e+01
-5.301276397705078125e+01
-4.528717803955078125e+01
-4.969013214111328125e+01
-5.966549301147460938e+01
-6.442367553710937500e+01
-6.399651718139648438e+01
-6.606294250488281250e+01
-7.228299713134765625e+01
-7.138263702392578125e+01
-6.697722625732421875e+01
-7.462814331054687500e+01
-7.194189453125000000e+01
-7.430614471435546875e+01
-7.521807098388671875e+01
-6.447366333007812500e+01
-6.233800888061523438e+01
-5.579559707641601562e+01
-5.359316635131835938e+01
-5.740718078613281250e+01
-5.874169158935546875e+01
-6.988529205322265625e+01
-6.347135543823242188e+01
-6.445375061035156250e+01
-7.205448150634765625e+01
-5.921241378784179688e+01
-6.312380981445312500e+01
-5.930042648315429688e+01
-6.156851959228515625e+01
-6.473137664794921875e+01
-6.030044174194335938e+01
-5.880862426757812500e+01
-5.476667785644531250e+01
-5.010906219482421875e+01
-4.998987197875976562e+01
-4.652810668945312500e+01
-5.850229263305664062e+01
-6.027255249023437500e+01
-6.029894638061523438e+01
-6.780964660644531250e+01
-7.143975067138671875e+01
-6.974163055419921875e+01
-6.739334106445312500e+01
-6.871656799316406250e+01
-7.219149780273437500e+01
-7.018791198730468750e+01
-7.635987854003906250e+01
-7.126231384277343750e+01
-6.033320617675781250e+01
-5.820265960693359375e+01
-5.618486785888671875e+01
-5.364861297607421875e+01
-6.347537231445312500e+01
-6.401225280761718750e+01
-6.835665893554687500e+01
-6.668386840820312500e+01
-6.777565002441406250e+01
-7.262133789062500000e+01
-5.808707046508789062e+01
-6.366243362426757812e+01
-6.355400848388671875e+01
-6.112446975708007812e+01
-6.786426544189453125e+01
-5.820961761474609375e+01
-5.573929214477539062e+01
-5.423286437988281250e+01
-4.870811080932617188e+01
-4.897655487060546875e+01
-5.372792434692382812e+01
-6.101815795898437500e+01
-6.893499755859375000e+01
-6.715441894531250000e+01
-7.159991455078125000e+01
-7.195935058593750000e+01
-6.658733367919921875e+01
-7.479367065429687500e+01
-6.959506225585937500e+01
-7.420072937011718750e+01
-7.559919738769531250e+01
-7.013776397705078125e+01
-6.714658355712890625e+01
-5.698913192749023438e+01
-5.500976943969726562e+01
-5.509654617309570312e+01
-5.764641571044921875e+01
-6.814821624755859375e+01
-6.708206939697265625e+01
-6.651933288574218750e+01
-7.106398773193359375e+01
-7.225832366943359375e+01
-6.662377929687500000e+01
-6.396691513061523438e+01
-6.383411026000976562e+01
-6.663065338134765625e+01
-6.526445770263671875e+01
-6.358721160888671875e+01
-5.787713241577148438e+01
-5.359032821655273438e+01
-5.474345397949218750e+01
-4.487078094482421875e+01
-5.473979187011718750e+01
-6.142321395874023438e+01
-6.385976791381835938e+01
-6.864910888671875000e+01
-6.633882141113281250e+01
-7.398388671875000000e+01
-7.109818267822265625e+01
-6.866624450683593750e+01
-7.483398437500000000e+01
-7.355494689941406250e+01
-7.725679779052734375e+01
-7.377047729492187500e+01
-6.381098175048828125e+01
-5.980922698974609375e+01
-5.513403320312500000e+01
-5.449433517456054688e+01
-5.646902465820312500e+01
-6.206813430786132812e+01
-6.677130889892578125e+01
-6.591595458984375000e+01
-6.929789733886718750e+01
-7.193750000000000000e+01
-6.021003723144531250e+01
-6.513078308105468750e+01
-6.407627868652343750e+01
-6.393513488769531250e+01
-6.885547637939453125e+01
-6.021269989013671875e+01
-5.939673995971679688e+01
-5.619331359863281250e+01
-5.158889389038085938e+01
-4.999521636962890625e+01
-5.078713226318359375e+01
-6.046304702758789062e+01
-6.562292480468750000e+01
-6.034585571289062500e+01
-6.793902587890625000e+01
-7.071337890625000000e+01
-6.787322998046875000e+01
-7.026377868652343750e+01
-6.791960906982421875e+01
-7.564004516601562500e+01
-7.145967864990234375e+01
-7.008481597900390625e+01
-6.537928771972656250e+01
-5.485247039794921875e+01
-5.521674346923828125e+01
-5.271750259399414062e+01
-5.323062515258789062e+01
-6.155503845214843750e+01
-6.368083190917968750e+01
-6.637000274658203125e+01
-6.745489501953125000e+01
-6.766905975341796875e+01
-6.442392730712890625e+01
-6.067941665649414062e+01
-6.373100662231445312e+01
-6.364085388183593750e+01
-6.468405914306640625e+01
-6.423598480224609375e+01
-5.663714981079101562e+01
-5.422245407104492188e+01
-5.479366683959960938e+01
-4.779972076416015625e+01
-5.373984527587890625e+01
-6.242618942260742188e+01
-6.232957458496093750e+01
-6.692433166503906250e+01
-6.589443969726562500e+01
-7.468399047851562500e+01
-6.882137298583984375e+01
-6.765789794921875000e+01
-7.114357757568359375e+01
-6.948731231689453125e+01
-7.326126098632812500e+01
-6.864375305175781250e+01
-5.976059722900390625e+01
-5.703062820434570312e+01
-5.014366531372070312e+01
-5.068332672119140625e+01
-5.478913879394531250e+01
-5.851110458374023438e+01
-6.853899383544921875e+01
-6.280765533447265625e+01
-6.921651458740234375e+01
-7.172270965576171875e+01
-6.219484329223632812e+01
-6.521781921386718750e+01
-6.044207382202148438e+01
-6.423365020751953125e+01
-6.924388122558593750e+01
-6.085420608520507812e+01
-5.984018325805664062e+01
-5.449731445312500000e+01
-5.414329147338867188e+01
-5.288381195068359375e+01
-5.506467819213867188e+01
-6.119882202148437500e+01
-6.540964508056640625e+01
-7.227497863769531250e+01
-7.216539001464843750e+01
-7.209618377685546875e+01
-6.963295745849609375e+01
-7.110829162597656250e+01
-6.855419921875000000e+01
-7.230496978759765625e+01
-7.032957458496093750e+01
-6.757226562500000000e+01
-6.130802536010742188e+01
-5.006029510498046875e+01
-5.314387893676757812e+01
-4.863518905639648438e+01
-5.384492111206054688e+01
-5.919229125976562500e+01
-6.338629913330078125e+01
-6.697644805908203125e+01
-6.618404388427734375e+01
-6.833055114746093750e+01
-6.106567001342773438e+01
-6.292945098876953125e+01
-6.611077117919921875e+01
-6.329661941528320312e+01
-6.700069427490234375e+01
-6.364130020141601562e+01
-5.739342498779296875e+01
-5.742320251464843750e+01
-5.381081390380859375e+01
-4.721474838256835938e+01
-5.663204193115234375e+01
-6.378025817871093750e+01
-6.717334747314453125e+01
-6.702205657958984375e+01
-6.739453887939453125e+01
-7.160166931152343750e+01
-6.178985977172851562e+01
-7.105064392089843750e+01
-6.827105712890625000e+01
-6.431813812255859375e+01
-7.268443298339843750e+01
-6.372157287597656250e+01
-5.732869338989257812e+01
-5.230915069580078125e+01
-4.747461318969726562e+01
-4.831869125366210938e+01
-5.522616958618164062e+01
-5.967883300781250000e+01
-6.332758331298828125e+01
-6.232512283325195312e+01
-7.020883941650390625e+01
-6.333456802368164062e+01
-5.701006317138671875e+01
-6.367753982543945312e+01
-6.253312683105468750e+01
-6.528265380859375000e+01
-6.635411834716796875e+01
-5.851076126098632812e+01
-6.177698516845703125e+01
-5.430535125732421875e+01
-5.153626632690429688e+01
-5.036915206909179688e+01
-5.881084442138671875e+01
-6.468113708496093750e+01
-6.314875411987304688e+01
-6.688045501708984375e+01
-7.269779968261718750e+01
-6.484304809570312500e+01
-6.820645141601562500e+01
-6.455013275146484375e+01
-6.620190429687500000e+01
-6.878035736083984375e+01
-6.830366516113281250e+01
-6.381638336181640625e+01
-5.369514846801757812e+01
-4.933908462524414062e+01
-5.185791015625000000e+01
-5.046227264404296875e+01
-5.996492767333984375e+01
-6.179405212402343750e+01
-6.346146774291992188e+01
-6.830238342285156250e+01
-7.126471710205078125e+01
-6.394020080566406250e+01
-6.298029327392578125e+01
-6.272938537597656250e+01
-6.992585754394531250e+01
-6.653882598876953125e+01
-6.414131927490234375e+01
-6.003349685668945312e+01
-5.652271270751953125e+01
-5.645769119262695312e+01
-5.023723220825195312e+01
-5.099400329589843750e+01
-6.303335952758789062e+01
-6.441943359375000000e+01
-6.528354644775390625e+01
-6.583335876464843750e+01
-7.082981872558593750e+01
-7.100054168701171875e+01
-6.418263244628906250e+01
-7.041531372070312500e+01
-6.857444763183593750e+01
-6.855469512939453125e+01
-6.933520507812500000e+01
-5.779032135009765625e+01
-5.486675643920898438e+01
-5.224627304077148438e+01
-4.920085144042968750e+01
-5.485805892944335938e+01
-6.086164474487304688e+01
-6.694984436035156250e+01
-6.888077545166015625e+01
-6.934621429443359375e+01
-7.419725036621093750e+01
-6.302953338623046875e+01
-6.557907104492187500e+01
-6.593414306640625000e+01
-6.435964202880859375e+01
-7.044568634033203125e+01
-6.283076095581054688e+01
-5.877033615112304688e+01
-5.774360275268554688e+01
-5.226043701171875000e+01
-5.052621078491210938e+01
-5.352307891845703125e+01
-5.830505752563476562e+01
-6.633458709716796875e+01
-6.496183013916015625e+01
-6.873583984375000000e+01
-7.057576751708984375e+01
-6.490913391113281250e+01
-6.899149322509765625e+01
-6.594050598144531250e+01
-6.929865264892578125e+01
-7.071804809570312500e+01
-6.507661437988281250e+01
-6.129330444335937500e+01
-5.174152374267578125e+01
-5.104534530639648438e+01
-5.264199829101562500e+01
-5.497351455688476562e+01
-6.263061523437500000e+01
-6.610256958007812500e+01
-6.815204620361328125e+01
-7.214060974121093750e+01
-6.969858551025390625e+01
-6.592990112304687500e+01
-6.699842071533203125e+01
-6.435334014892578125e+01
-6.707258605957031250e+01
-6.717755889892578125e+01
-6.410903167724609375e+01
-6.000658035278320312e+01
-5.438000488281250000e+01
-5.564479827880859375e+01
-4.659426879882812500e+01
-5.471622085571289062e+01
-6.152107238769531250e+01
-6.125792694091796875e+01
-6.611528778076171875e+01
-6.465877532958984375e+01
-6.771776580810546875e+01
-6.178490066528320312e+01
-6.664386749267578125e+01
-6.870513153076171875e+01
-6.554872894287109375e+01
-7.026177215576171875e+01
-6.735630035400390625e+01
-5.694747543334960938e+01
-5.524142074584960938e+01
-5.351795578002929688e+01
-5.184244918823242188e+01
-6.184603118896484375e+01
-6.375189971923828125e+01
-6.867613220214843750e+01
-6.849465179443359375e+01
-7.022352600097656250e+01
-7.098598480224609375e+01
-6.031604385375976562e+01
-6.415706634521484375e+01
-6.696414947509765625e+01
-6.539324188232421875e+01
-7.082633209228515625e+01
-6.041743469238281250e+01
-5.962059783935546875e+01
-5.826063919067382812e+01
-5.013001251220703125e+01
-4.842808151245117188e+01
-5.346221542358398438e+01
-6.431294250488281250e+01
-6.247845840454101562e+01
-6.027936553955078125e+01
-6.691391754150390625e+01
-6.463481903076171875e+01
-6.049970626831054688e+01
-6.882098388671875000e+01
-6.412364196777343750e+01
-6.526338958740234375e+01
-7.021326446533203125e+01
-6.494358062744140625e+01
-5.880661773681640625e+01
-5.252009963989257812e+01
-5.292405319213867188e+01
-5.569281387329101562e+01
-6.082696151733398438e+01
-6.723826599121093750e+01
-6.683657836914062500e+01
-6.791429138183593750e+01
-7.617316436767578125e+01
-6.437320709228515625e+01
-6.545826721191406250e+01
-6.102159500122070312e+01
-6.557539367675781250e+01
-6.905172729492187500e+01
-6.470584106445312500e+01
-6.208367538452148438e+01
-5.988658523559570312e+01
-5.338582992553710938e+01
-5.286280822753906250e+01
-4.692044448852539062e+01
-5.848973083496093750e+01
-5.807676315307617188e+01
-5.782994842529296875e+01
-6.292662048339843750e+01
-6.657256317138671875e+01
-6.603628540039062500e+01
-6.405286407470703125e+01
-6.331380462646484375e+01
-6.664508056640625000e+01
-6.563316345214843750e+01
-6.821726989746093750e+01
-6.527433013916015625e+01
-5.390391159057617188e+01
-5.322496032714843750e+01
-5.391304397583007812e+01
-5.165359497070312500e+01
-6.463813781738281250e+01
-6.440839385986328125e+01
-6.713838195800781250e+01
-6.923750305175781250e+01
-7.292490386962890625e+01
-6.975526428222656250e+01
-6.452308654785156250e+01
-6.370390319824218750e+01
-6.971697235107421875e+01
-6.494210815429687500e+01
-6.933190155029296875e+01
-6.073146057128906250e+01
-5.746913146972656250e+01
-5.530513763427734375e+01
-4.795057296752929688e+01
-4.829058074951171875e+01
-5.474428939819335938e+01
-5.546895217895507812e+01
-6.019577789306640625e+01
-5.879492568969726562e+01
-6.867228698730468750e+01
-6.580081939697265625e+01
-5.891018295288085938e+01
-6.734186553955078125e+01
-6.461663055419921875e+01
-6.571974945068359375e+01
-7.077429962158203125e+01
-6.093375778198242188e+01
-5.743508911132812500e+01
-5.250963973999023438e+01
-5.104476547241210938e+01
-5.426709747314453125e+01
-6.255043411254882812e+01
-6.656855773925781250e+01
-6.716761779785156250e+01
-6.679225921630859375e+01
-7.774103546142578125e+01
-6.755547332763671875e+01
-6.665083312988281250e+01
-6.642107391357421875e+01
-6.734381866455078125e+01
-7.137285614013671875e+01
-6.579845428466796875e+01
-6.274853134155273438e+01
-5.994609832763671875e+01
-5.256132888793945312e+01
-5.127706527709960938e+01
-4.516320800781250000e+01
-5.197869110107421875e+01
-5.871091461181640625e+01
-5.568910598754882812e+01
-6.138215255737304688e+01
-6.467072296142578125e+01
-6.462159729003906250e+01
-6.410247039794921875e+01
-6.452635192871093750e+01
-6.650193023681640625e+01
-6.513732147216796875e+01
-7.028975677490234375e+01
-6.728473663330078125e+01
-5.704528045654296875e+01
-5.428937149047851562e+01
-5.495336914062500000e+01
-5.365116882324218750e+01
-6.583676910400390625e+01
-6.620697784423828125e+01
-6.689251708984375000e+01
-6.980976867675781250e+01
-7.352867126464843750e+01
-7.232144165039062500e+01
-6.631256866455078125e+01
-6.488543701171875000e+01
-7.111480712890625000e+01
-6.852352142333984375e+01
-6.930538177490234375e+01
-6.221441268920898438e+01
-5.943461990356445312e+01
-5.706190490722656250e+01
-4.727595138549804688e+01
-4.474225616455078125e+01
-5.389707946777343750e+01
-5.447267532348632812e+01
-6.106447982788085938e+01
-5.764083480834960938e+01
-6.795020294189453125e+01
-6.455187988281250000e+01
-6.142446517944335938e+01
-6.722276306152343750e+01
-6.493465423583984375e+01
-6.712275695800781250e+01
-7.308573150634765625e+01
-6.383946228027343750e+01
-5.996236801147460938e+01
-5.465663146972656250e+01
-5.706833648681640625e+01
-5.870439910888671875e+01
-6.488235473632812500e+01
-7.097272491455078125e+01
-6.896961975097656250e+01
-7.090806579589843750e+01
-7.800373840332031250e+01
-6.659085845947265625e+01
-6.837564086914062500e+01
-6.747815704345703125e+01
-6.677530670166015625e+01
-7.098200988769531250e+01
-6.280417633056640625e+01
-6.070282745361328125e+01
-5.856006240844726562e+01
-4.936307907104492188e+01
-4.694630813598632812e+01
-4.463147735595703125e+01
-5.200526428222656250e+01
-6.081711196899414062e+01
-5.952436065673828125e+01
-6.522744750976562500e+01
-6.812944030761718750e+01
-6.212294769287109375e+01
-6.552947235107421875e+01
-6.307848358154296875e+01
-7.077752685546875000e+01
-6.867365264892578125e+01
-6.754592895507812500e+01
-6.408127593994140625e+01
-5.409415817260742188e+01
