-5.751216888427734375e+01
-5.756245803833007812e+01
-6.092272567749023438e+01
-6.130374908447265625e+01
-6.151110839843750000e+01
-6.532879638671875000e+01
-6.571429443359375000e+01
-6.490993499755859375e+01
-6.342241287231445312e+01
-6.864891052246093750e+01
-6.746159362792968750e+01
-6.726159667968750000e+01
-6.439942932128906250e+01
-7.420762634277343750e+01
-6.802122497558593750e+01
-6.694380950927734375e+01
-6.725782012939453125e+01
-7.200130462646484375e+01
-7.234966278076171875e+01
-6.438301849365234375e+01
-6.869647216796875000e+01
-6.809624481201171875e+01
-6.760638427734375000e+01
-6.948200225830078125e+01
-6.340884017944335938e+01
-5.915629577636718750e+01
-6.088354873657226562e+01
-5.637015151977539062e+01
-5.986571502685546875e+01
-6.312628936767578125e+01
-6.139042282104492188e+01
-5.537353134155273438e+01
-5.878978347778320312e+01
-6.241620254516601562e+01
-6.010964584350585938e+01
-6.397281646728515625e+01
-6.635951232910156250e+01
-6.574681091308593750e+01
-6.899966430664062500e+01
-7.043122863769531250e+01
-6.501677703857421875e+01
-6.753164672851562500e+01
-6.926813507080078125e+01
-6.740538787841796875e+01
-6.774426269531250000e+01
-7.598085784912109375e+01
-6.879069519042968750e+01
-6.582895660400390625e+01
-7.270433807373046875e+01
-6.571478271484375000e+01
-6.560479736328125000e+01
-7.026071929931640625e+01
-6.778122711181640625e+01
-6.712934875488281250e+01
-6.613613128662109375e+01
-6.410865020751953125e+01
-6.542144775390625000e+01
-5.866542434692382812e+01
-5.984008026123046875e+01
-5.622960662841796875e+01
-5.808304977416992188e+01
-5.670741271972656250e+01
-6.269969558715820312e+01
-6.144432830810546875e+01
-5.995001983642578125e+01
-6.230708312988281250e+01
-6.692835998535156250e+01
-6.539929199218750000e+01
-6.662748718261718750e+01
-6.837466430664062500e+01
-6.862114715576171875e+01
-6.932292938232421875e+01
-6.657563018798828125e+01
-6.148667526245117188e+01
-6.820490264892578125e+01
-6.906156158447265625e+01
-6.789804840087890625e+01
-7.238325500488281250e+01
-7.664547729492187500e+01
-6.555836486816406250e+01
-6.188380432128906250e+01
-6.965748596191406250e+01
-6.874006652832031250e+01
-6.615203857421875000e+01
-6.650235748291015625e+01
-6.583496856689453125e+01
-6.186336517333984375e+01
-6.129764175415039062e+01
-5.921452331542968750e+01
-5.962725830078125000e+01
-5.585596084594726562e+01
-5.312166595458984375e+01
-5.302324676513671875e+01
-5.838701248168945312e+01
-6.615036773681640625e+01
-6.199085998535156250e+01
-6.341015243530273438e+01
-6.581746673583984375e+01
-6.586101531982421875e+01
-6.675283050537109375e+01
-6.789773559570312500e+01
-6.980312347412109375e+01
-6.849085998535156250e+01
-6.277714538574218750e+01
-7.042977142333984375e+01
-6.651566314697265625e+01
-6.927007293701171875e+01
-6.504705047607421875e+01
-6.893910980224609375e+01
-7.363948822021484375e+01
-7.023815155029296875e+01
-6.617478942871093750e+01
-6.639768218994140625e+01
-6.572112274169921875e+01
-6.706666564941406250e+01
-6.466732025146484375e+01
-6.494548034667968750e+01
-6.502038574218750000e+01
-6.017598724365234375e+01
-6.372953033447265625e+01
-6.298886489868164062e+01
-5.676163864135742188e+01
-5.096910476684570312e+01
-5.612476348876953125e+01
-5.931169128417968750e+01
-5.792734909057617188e+01
-6.576245880126953125e+01
-6.910636138916015625e+01
-6.360155487060546875e+01
-6.613178253173828125e+01
-6.792090606689453125e+01
-6.745503997802734375e+01
-7.062567138671875000e+01
-6.969554901123046875e+01
-6.893582916259765625e+01
-7.067230224609375000e+01
-7.230593872070312500e+01
-6.552742004394531250e+01
-6.671855926513671875e+01
-7.277923583984375000e+01
-6.248881912231445312e+01
-6.534127807617187500e+01
-7.609787750244140625e+01
-6.850209045410156250e+01
-6.359391784667968750e+01
-6.566877746582031250e+01
-6.510999298095703125e+01
-6.584778594970703125e+01
-6.374517440795898438e+01
-6.241559982299804688e+01
-6.062088775634765625e+01
-5.958476257324218750e+01
-5.607616806030273438e+01
-5.698170471191406250e+01
-5.788258743286132812e+01
-5.745925521850585938e+01
-5.931240844726562500e+01
-6.374686050415039062e+01
-6.566719818115234375e+01
-7.080587768554687500e+01
-6.601558685302734375e+01
-6.662928009033203125e+01
-6.919065856933593750e+01
-6.728644561767578125e+01
-6.639203643798828125e+01
-6.773192596435546875e+01
-6.958670806884765625e+01
-6.762515258789062500e+01
-6.919319915771484375e+01
-7.105993652343750000e+01
-6.310779953002929688e+01
-6.440717315673828125e+01
-6.813915252685546875e+01
-6.614617919921875000e+01
-7.103370666503906250e+01
-6.999356842041015625e+01
-6.313336563110351562e+01
-6.374070739746093750e+01
-6.329538345336914062e+01
-6.271230316162109375e+01
-6.005772399902343750e+01
-6.047655868530273438e+01
-5.780948638916015625e+01
-5.749596023559570312e+01
-6.230129623413085938e+01
-6.134000396728515625e+01
-5.924587249755859375e+01
-6.187872695922851562e+01
-6.123946380615234375e+01
-6.320979690551757812e+01
-6.663913726806640625e+01
-7.322449493408203125e+01
-6.719687652587890625e+01
-6.540069580078125000e+01
-6.393634414672851562e+01
-6.747814941406250000e+01
-6.963846588134765625e+01
-6.910334777832031250e+01
-6.853897857666015625e+01
-7.345442199707031250e+01
-6.838288116455078125e+01
-6.409529876708984375e+01
-6.615930175781250000e+01
-6.848368835449218750e+01
-6.414813995361328125e+01
-6.542052459716796875e+01
-6.850387573242187500e+01
-6.942350769042968750e+01
-6.029449844360351562e+01
-5.647316360473632812e+01
-6.116289520263671875e+01
-6.249091720581054688e+01
-5.836782073974609375e+01
-5.727732467651367188e+01
-6.163944625854492188e+01
-6.059230804443359375e+01
-6.229217910766601562e+01
-6.807176208496093750e+01
-6.292910003662109375e+01
-6.034935379028320312e+01
-6.494910430908203125e+01
-6.515740966796875000e+01
-6.395055770874023438e+01
-6.845269775390625000e+01
-6.415653228759765625e+01
-6.608678436279296875e+01
-6.958432769775390625e+01
-6.854831695556640625e+01
-6.790548706054687500e+01
-7.195511627197265625e+01
-7.019220733642578125e+01
-6.352285003662109375e+01
-7.097332000732421875e+01
-6.976876068115234375e+01
-6.340390396118164062e+01
-6.420613098144531250e+01
-6.358618545532226562e+01
-6.190873336791992188e+01
-6.223282623291015625e+01
-6.320706176757812500e+01
-6.419071960449218750e+01
-5.898546600341796875e+01
-5.748416519165039062e+01
-5.722440338134765625e+01
-6.070665359497070312e+01
-6.160746765136718750e+01
-6.005825805664062500e+01
-6.415755462646484375e+01
-6.472454071044921875e+01
-6.391685104370117188e+01
-6.487820434570312500e+01
-6.248126602172851562e+01
-6.809577178955078125e+01
-6.499520874023437500e+01
-5.937135696411132812e+01
-6.917725372314453125e+01
-7.457862854003906250e+01
-6.689227294921875000e+01
-6.651060485839843750e+01
-7.043169403076171875e+01
-7.242052459716796875e+01
-6.369672012329101562e+01
-6.763842010498046875e+01
-6.921555328369140625e+01
-6.603303527832031250e+01
-6.735361480712890625e+01
-6.463156127929687500e+01
-6.199613189697265625e+01
-6.423967742919921875e+01
-5.651988983154296875e+01
-6.119525146484375000e+01
-6.398349761962890625e+01
-6.346198654174804688e+01
-5.603702545166015625e+01
-5.792490386962890625e+01
-6.220388031005859375e+01
-6.134666442871093750e+01
-6.398170089721679688e+01
-6.619538116455078125e+01
-6.508052062988281250e+01
-6.605018615722656250e+01
-6.743605041503906250e+01
-7.018258666992187500e+01
-6.743219757080078125e+01
-6.175493240356445312e+01
-6.569978332519531250e+01
-6.668515777587890625e+01
-6.838223266601562500e+01
-7.119430541992187500e+01
-7.081504821777343750e+01
-7.044947814941406250e+01
-6.437609863281250000e+01
-6.741944885253906250e+01
-6.940830230712890625e+01
-6.702265930175781250e+01
-6.656815338134765625e+01
-6.596112060546875000e+01
-6.602355194091796875e+01
-6.704360961914062500e+01
-6.062001800537109375e+01
-5.947909927368164062e+01
-5.829487228393554688e+01
-5.736131668090820312e+01
-5.635870361328125000e+01
-6.439959716796875000e+01
-6.395186614990234375e+01
-5.737165832519531250e+01
-6.226074218750000000e+01
-6.628257751464843750e+01
-6.538716125488281250e+01
-6.639949035644531250e+01
-6.722762298583984375e+01
-6.739171600341796875e+01
-6.837769317626953125e+01
-6.873264312744140625e+01
-6.739202880859375000e+01
-6.383943557739257812e+01
-6.751436614990234375e+01
-6.421797180175781250e+01
-6.587282562255859375e+01
-7.284330749511718750e+01
-7.092385101318359375e+01
-6.489180755615234375e+01
-6.787907409667968750e+01
-6.726669311523437500e+01
-6.681848907470703125e+01
-6.584477996826171875e+01
-6.451286315917968750e+01
-6.551776885986328125e+01
-6.296175003051757812e+01
-6.172492599487304688e+01
-5.998642349243164062e+01
-5.636011505126953125e+01
-5.491156005859375000e+01
-5.384303283691406250e+01
-6.029380416870117188e+01
-6.011300659179687500e+01
-6.866083526611328125e+01
-6.414464569091796875e+01
-6.216086196899414062e+01
-6.462963867187500000e+01
-6.729441070556640625e+01
-6.788571929931640625e+01
-6.898033142089843750e+01
-6.678933715820312500e+01
-6.658747863769531250e+01
-6.713634490966796875e+01
-7.039516448974609375e+01
-6.621965789794921875e+01
-6.467925262451171875e+01
-7.375591278076171875e+01
-6.456711578369140625e+01
-6.212753677368164062e+01
-7.128309631347656250e+01
-7.327725982666015625e+01
-6.590512084960937500e+01
-6.544656372070312500e+01
-6.607826232910156250e+01
-6.516046142578125000e+01
-6.280479049682617188e+01
-5.922081375122070312e+01
-5.959872817993164062e+01
-6.016827011108398438e+01
-5.743368148803710938e+01
-5.595001602172851562e+01
-5.730638885498046875e+01
-5.948178100585937500e+01
-5.836500549316406250e+01
-6.423476409912109375e+01
-6.745828247070312500e+01
-7.005827331542968750e+01
-6.378730010986328125e+01
-6.494201660156250000e+01
-6.468214416503906250e+01
-6.564327239990234375e+01
-6.275781250000000000e+01
-6.935466003417968750e+01
-7.129473114013671875e+01
-6.894913482666015625e+01
-7.072777557373046875e+01
-7.678315734863281250e+01
-6.959342956542968750e+01
-5.984902191162109375e+01
-6.934599304199218750e+01
-6.711456298828125000e+01
-6.528604125976562500e+01
-7.020094299316406250e+01
-7.036732482910156250e+01
-6.355065536499023438e+01
-6.313486099243164062e+01
-5.745477294921875000e+01
-6.215183258056640625e+01
-6.092002868652343750e+01
-5.692131805419921875e+01
-5.562134933471679688e+01
-5.818436050415039062e+01
-6.126189422607421875e+01
-5.686344909667968750e+01
-5.935603713989257812e+01
-6.392193222045898438e+01
-6.195368194580078125e+01
-6.435816192626953125e+01
-7.068762207031250000e+01
-7.154409790039062500e+01
-6.467084503173828125e+01
-6.124790573120117188e+01
-6.936679840087890625e+01
-7.124695587158203125e+01
-7.051205444335937500e+01
-6.894003295898437500e+01
-7.198694610595703125e+01
-7.445188140869140625e+01
-6.635690307617187500e+01
-7.200652313232421875e+01
-6.833296966552734375e+01
-6.312471771240234375e+01
-6.431211853027343750e+01
-6.373089599609375000e+01
-6.369202041625976562e+01
-7.009198760986328125e+01
-6.313762664794921875e+01
-6.161334609985351562e+01
-6.069905853271484375e+01
-5.855411148071289062e+01
-5.588156890869140625e+01
-5.733231353759765625e+01
-6.052659606933593750e+01
-5.825414276123046875e+01
-6.260177230834960938e+01
-6.487858581542968750e+01
-5.987872695922851562e+01
-6.168505096435546875e+01
-6.376478195190429688e+01
-6.372936630249023438e+01
-6.842613220214843750e+01
-7.375363159179687500e+01
-6.867160034179687500e+01
-6.476046752929687500e+01
-6.940121459960937500e+01
-6.955196380615234375e+01
-7.045468139648437500e+01
-7.582927703857421875e+01
-6.788304138183593750e+01
-6.893573760986328125e+01
-7.232310485839843750e+01
-6.869595336914062500e+01
-6.854875183105468750e+01
-6.480985260009765625e+01
-6.409889984130859375e+01
-6.374664306640625000e+01
-6.194889450073242188e+01
-6.203359603881835938e+01
-6.576068878173828125e+01
-6.021461868286132812e+01
-5.690857315063476562e+01
-5.759537124633789062e+01
-6.236632156372070312e+01
-5.877407836914062500e+01
-6.089479064941406250e+01
-6.380911636352539062e+01
-6.324928665161132812e+01
-6.289272308349609375e+01
-6.427234649658203125e+01
-6.182300567626953125e+01
-6.840434265136718750e+01
-6.359970474243164062e+01
-6.388134765625000000e+01
-6.898033142089843750e+01
-7.384284973144531250e+01
-6.589554595947265625e+01
-6.750258636474609375e+01
-7.454383850097656250e+01
-7.031823730468750000e+01
-6.763280487060546875e+01
-7.300979614257812500e+01
-7.104189300537109375e+01
-6.916162109375000000e+01
-7.054895782470703125e+01
-7.147047424316406250e+01
-6.457058715820312500e+01
-5.944300079345703125e+01
-5.887187957763671875e+01
-5.743636703491210938e+01
-5.905954742431640625e+01
-5.982530593872070312e+01
-6.106492614746093750e+01
-6.039757537841796875e+01
-5.929187011718750000e+01
-6.061627578735351562e+01
-6.413652801513671875e+01
-6.339089584350585938e+01
-6.376137542724609375e+01
-6.491623687744140625e+01
-6.747759246826171875e+01
-6.619200897216796875e+01
-6.077130889892578125e+01
-5.832762908935546875e+01
-6.558009338378906250e+01
-6.822372436523437500e+01
-6.808065032958984375e+01
-7.468125152587890625e+01
-7.405322265625000000e+01
-6.738462829589843750e+01
-6.497378540039062500e+01
-7.197189331054687500e+01
-7.138715362548828125e+01
-6.942156219482421875e+01
-6.913108062744140625e+01
-6.843432617187500000e+01
-6.511056518554687500e+01
-6.269998168945312500e+01
-5.895257949829101562e+01
-5.975650024414062500e+01
-5.977526092529296875e+01
-5.390092849731445312e+01
-5.354405212402343750e+01
-5.900531005859375000e+01
-6.647766876220703125e+01
-5.953767395019531250e+01
-6.297831344604492188e+01
-6.390052032470703125e+01
-6.444876098632812500e+01
-6.475553894042968750e+01
-6.539025115966796875e+01
-6.689425659179687500e+01
-6.559825897216796875e+01
-6.044626617431640625e+01
-6.639786529541015625e+01
-6.647396850585937500e+01
-6.930385589599609375e+01
-6.598782348632812500e+01
-7.175428009033203125e+01
-7.733733367919921875e+01
-6.963801574707031250e+01
-6.728179168701171875e+01
-6.872433471679687500e+01
-6.870585632324218750e+01
-6.974105834960937500e+01
-6.810574340820312500e+01
-6.839279937744140625e+01
-6.620989990234375000e+01
-6.013623809814453125e+01
-6.412791442871093750e+01
-6.468416595458984375e+01
-5.747499847412109375e+01
-5.091252136230468750e+01
-5.443796539306640625e+01
-5.776978302001953125e+01
-5.724654006958007812e+01
-6.660620880126953125e+01
-6.488107299804687500e+01
-6.190425872802734375e+01
-6.429637908935546875e+01
-6.602437591552734375e+01
-6.680422973632812500e+01
-6.786932373046875000e+01
-6.349882888793945312e+01
-6.693121337890625000e+01
-6.830423736572265625e+01
-7.005409240722656250e+01
-6.374495315551757812e+01
-7.048824310302734375e+01
-7.223797607421875000e+01
-6.317964553833007812e+01
-7.004976654052734375e+01
-7.761478424072265625e+01
-6.684062957763671875e+01
-6.630783081054687500e+01
-6.721340942382812500e+01
-6.662906646728515625e+01
-6.701501464843750000e+01
-6.456875610351562500e+01
-6.446209716796875000e+01
-6.131971740722656250e+01
-6.129709625244140625e+01
-6.027149581909179688e+01
-5.570379638671875000e+01
-5.568585968017578125e+01
-5.625785827636718750e+01
-5.911342239379882812e+01
-6.206021881103515625e+01
-6.489607238769531250e+01
-6.709307098388671875e+01
-6.321431732177734375e+01
-6.437156677246093750e+01
-6.734302520751953125e+01
-6.763966369628906250e+01
-6.690507507324218750e+01
-6.719640350341796875e+01
-6.933040618896484375e+01
-7.017880249023437500e+01
-7.173800659179687500e+01
-7.097924804687500000e+01
-6.468140411376953125e+01
-6.660617828369140625e+01
-7.015164184570312500e+01
-6.883162689208984375e+01
-7.531274414062500000e+01
-6.832793426513671875e+01
-6.382467651367187500e+01
-6.719039916992187500e+01
-6.656994628906250000e+01
-6.486283111572265625e+01
-6.176197814941406250e+01
-6.084087371826171875e+01
-5.777634048461914062e+01
-5.656783676147460938e+01
-6.124312591552734375e+01
-5.779160308837890625e+01
-5.613513183593750000e+01
-6.223138427734375000e+01
-5.976376724243164062e+01
-6.177696609497070312e+01
-6.569272613525390625e+01
-6.905242919921875000e+01
-6.474456787109375000e+01
-6.548390197753906250e+01
-6.583059692382812500e+01
-6.725730895996093750e+01
-6.892804718017578125e+01
-6.816866302490234375e+01
-6.914834594726562500e+01
-7.411829376220703125e+01
-6.908934783935546875e+01
-6.438961791992187500e+01
-6.989952850341796875e+01
-6.980084991455078125e+01
-6.744888305664062500e+01
-6.773594665527343750e+01
-7.289385986328125000e+01
-7.039530944824218750e+01
-6.277892684936523438e+01
-6.413041687011718750e+01
-6.278962326049804688e+01
-6.193990707397460938e+01
-5.803939056396484375e+01
-5.772105407714843750e+01
-6.232069396972656250e+01
-5.949412536621093750e+01
-6.000851821899414062e+01
-6.354444885253906250e+01
-5.912679672241210938e+01
-6.051885604858398438e+01
-6.122895050048828125e+01
-6.216039276123046875e+01
-6.643188476562500000e+01
-6.926374816894531250e+01
-6.328998947143554688e+01
-6.532488250732421875e+01
-6.780749511718750000e+01
-6.839622497558593750e+01
-6.917920684814453125e+01
-7.450142669677734375e+01
-6.821627807617187500e+01
-6.711600494384765625e+01
-7.265549468994140625e+01
-6.834693908691406250e+01
-6.550475311279296875e+01
-6.971807861328125000e+01
-6.602788543701171875e+01
-6.691595458984375000e+01
-6.874666595458984375e+01
-6.947351837158203125e+01
-6.033253097534179688e+01
-6.095870208740234375e+01
-5.810488510131835938e+01
-5.857117462158203125e+01
-6.248346710205078125e+01
-5.955052947998046875e+01
-6.111498260498046875e+01
-6.345952224731445312e+01
-6.282807540893554688e+01
-6.421006011962890625e+01
-6.162123489379882812e+01
-6.062386322021484375e+01
-6.271628570556640625e+01
-6.115383148193359375e+01
-6.298468399047851562e+01
-7.034039306640625000e+01
-6.712759399414062500e+01
-6.593041229248046875e+01
-6.798297882080078125e+01
-7.483762359619140625e+01
-6.757029724121093750e+01
-6.708351135253906250e+01
-7.201078796386718750e+01
-7.030086517333984375e+01
-6.895590209960937500e+01
-6.783472442626953125e+01
-6.353580093383789062e+01
-6.926603698730468750e+01
-6.334062576293945312e+01
-6.365937042236328125e+01
-6.373985290527343750e+01
-6.664810943603515625e+01
-5.705157852172851562e+01
-5.622474670410156250e+01
-6.230266952514648438e+01
-6.040887832641601562e+01
-6.167216873168945312e+01
-6.415228271484375000e+01
-6.274300765991210938e+01
-6.233587265014648438e+01
-6.422771453857421875e+01
-6.624875640869140625e+01
-6.350283813476562500e+01
-5.923013687133789062e+01
-6.076578903198242188e+01
-6.268115234375000000e+01
-6.591368103027343750e+01
-7.113072204589843750e+01
-6.857327270507812500e+01
-7.155205535888671875e+01
-6.657657623291015625e+01
-6.725709533691406250e+01
-7.180517578125000000e+01
-7.004531860351562500e+01
-6.891696166992187500e+01
-6.829866790771484375e+01
-6.668202972412109375e+01
-6.910912322998046875e+01
-6.178721618652343750e+01
-6.322077941894531250e+01
-5.884479141235351562e+01
-5.945869445800781250e+01
-5.789257431030273438e+01
-6.452106475830078125e+01
-6.156290054321289062e+01
-5.706361770629882812e+01
-6.120883560180664062e+01
-6.496522521972656250e+01
-6.283217620849609375e+01
-6.347972488403320312e+01
-6.414508056640625000e+01
-6.344108581542968750e+01
-6.687520599365234375e+01
-6.807100677490234375e+01
-6.216407775878906250e+01
-6.037395477294921875e+01
-6.634053039550781250e+01
-6.473784637451171875e+01
-6.696984863281250000e+01
-7.701276397705078125e+01
-6.921611022949218750e+01
-6.490534973144531250e+01
-7.095978546142578125e+01
-6.970675659179687500e+01
-6.928874206542968750e+01
-6.903447723388671875e+01
-6.705627441406250000e+01
-6.832504272460937500e+01
-6.876063537597656250e+01
-6.748556518554687500e+01
-6.012751007080078125e+01
-5.759894561767578125e+01
-5.665843582153320312e+01
-5.610342025756835938e+01
-6.168616485595703125e+01
-6.593862915039062500e+01
-6.382294845581054688e+01
-6.166230773925781250e+01
-6.270513916015625000e+01
-6.394679260253906250e+01
-6.481864929199218750e+01
-6.418506622314453125e+01
-6.581636047363281250e+01
-6.667687988281250000e+01
-6.525616455078125000e+01
-6.480723571777343750e+01
-6.651495361328125000e+01
-6.289784622192382812e+01
-6.690846252441406250e+01
-7.099777221679687500e+01
-6.381350326538085938e+01
-6.805304718017578125e+01
-7.603441619873046875e+01
-6.746636199951171875e+01
-6.797994232177734375e+01
-6.858962249755859375e+01
-6.750514221191406250e+01
-6.791945648193359375e+01
-6.642681884765625000e+01
-6.552431488037109375e+01
-6.203826904296875000e+01
-6.120549011230468750e+01
-5.694275283813476562e+01
-5.404772567749023438e+01
-6.069050216674804688e+01
-5.660132598876953125e+01
-6.057412719726562500e+01
-6.700405120849609375e+01
-6.707574462890625000e+01
-6.090328979492187500e+01
-6.182881927490234375e+01
-6.325378036499023438e+01
-6.683135986328125000e+01
-6.542949676513671875e+01
-6.585510253906250000e+01
-6.614934539794921875e+01
-6.752069854736328125e+01
-6.711071014404296875e+01
-7.097091674804687500e+01
-7.086417388916015625e+01
-6.046551895141601562e+01
-6.534039306640625000e+01
-6.906146240234375000e+01
-6.791250610351562500e+01
-7.406970214843750000e+01
-6.999289703369140625e+01
-6.551290130615234375e+01
-6.768429565429687500e+01
-6.553063964843750000e+01
-6.438339996337890625e+01
-6.273619079589843750e+01
-6.019688415527343750e+01
-5.734711074829101562e+01
-5.914095687866210938e+01
-6.281950378417968750e+01
-5.576678848266601562e+01
-5.825967025756835938e+01
-6.122267532348632812e+01
-6.014034271240234375e+01
-6.341342544555664062e+01
-7.005188751220703125e+01
-6.448245239257812500e+01
-6.369992446899414062e+01
-6.380043029785156250e+01
-6.571263885498046875e+01
-6.639253997802734375e+01
-6.826709747314453125e+01
-6.675440979003906250e+01
-6.936605834960937500e+01
-7.370880889892578125e+01
-6.605852508544921875e+01
-6.783616638183593750e+01
-6.815554046630859375e+01
-6.866907501220703125e+01
-6.689759826660156250e+01
-6.688061523437500000e+01
-6.676606750488281250e+01
-7.338571929931640625e+01
-6.472548675537109375e+01
-6.434187316894531250e+01
-6.306874465942382812e+01
-6.098504638671875000e+01
-5.696037292480468750e+01
-5.847174072265625000e+01
-6.110032653808593750e+01
-5.822694015502929688e+01
-6.079206466674804688e+01
-6.220363235473632812e+01
-5.802212142944335938e+01
-6.290564727783203125e+01
-6.164668655395507812e+01
-6.261349105834960938e+01
-6.887993621826171875e+01
-6.850032043457031250e+01
-6.234296035766601562e+01
-6.383401870727539062e+01
-6.697439575195312500e+01
-6.642229461669921875e+01
-6.920366668701171875e+01
-7.424044799804687500e+01
-6.697454833984375000e+01
-6.880876159667968750e+01
-7.412117004394531250e+01
-7.404624176025390625e+01
-6.823163604736328125e+01
-6.514437103271484375e+01
-6.584033203125000000e+01
-6.599673461914062500e+01
-6.449951934814453125e+01
-6.798886108398437500e+01
-6.644956207275390625e+01
-6.001021194458007812e+01
-5.783305740356445312e+01
-5.876719284057617188e+01
-6.131827163696289062e+01
-5.825639343261718750e+01
-6.114039993286132812e+01
-6.210652160644531250e+01
-6.209205627441406250e+01
-6.455973815917968750e+01
-6.003401565551757812e+01
-5.995589447021484375e+01
-6.483665466308593750e+01
-6.222761535644531250e+01
-6.433008575439453125e+01
-7.050836181640625000e+01
-6.922405242919921875e+01
-6.203112411499023438e+01
-6.666704559326171875e+01
-7.340836334228515625e+01
-6.682784271240234375e+01
-6.963324737548828125e+01
-7.318289184570312500e+01
-7.116829681396484375e+01
-7.172768402099609375e+01
-7.079655456542968750e+01
-6.956919860839843750e+01
-6.734548950195312500e+01
-6.493425750732421875e+01
-6.247842025756835938e+01
-6.041597366333007812e+01
-6.067268753051757812e+01
-6.385833358764648438e+01
-5.934355926513671875e+01
-6.080270767211914062e+01
-5.902802658081054688e+01
-6.195199584960937500e+01
-6.283256530761718750e+01
-6.141673278808593750e+01
-6.235205841064453125e+01
-6.257875442504882812e+01
-6.210492324829101562e+01
-6.597362518310546875e+01
-5.993840026855468750e+01
-6.307224273681640625e+01
-6.230109405517578125e+01
-6.525914001464843750e+01
-6.625280761718750000e+01
-7.305917358398437500e+01
-7.044232177734375000e+01
-6.297440719604492188e+01
-6.765930938720703125e+01
-7.307707214355468750e+01
-7.101530456542968750e+01
-7.157497406005859375e+01
-7.122070312500000000e+01
-6.928527069091796875e+01
-7.093912506103515625e+01
-7.119648742675781250e+01
-6.497834777832031250e+01
-5.967066574096679688e+01
-6.133998870849609375e+01
-5.700482559204101562e+01
-5.619149017333984375e+01
-6.308927154541015625e+01
-6.382650756835937500e+01
-6.018140029907226562e+01
-6.280551528930664062e+01
-6.223271560668945312e+01
-6.283115005493164062e+01
-6.281150817871093750e+01
-6.183228302001953125e+01
-6.431854248046875000e+01
-6.352568435668945312e+01
-6.389864730834960938e+01
-6.129051208496093750e+01
-6.262506103515625000e+01
-6.528665924072265625e+01
-6.524090576171875000e+01
-7.250148010253906250e+01
-7.105740356445312500e+01
-6.986988830566406250e+01
-6.829813385009765625e+01
-6.898513031005859375e+01
-7.084960937500000000e+01
-7.141011810302734375e+01
-7.052465057373046875e+01
-7.121118927001953125e+01
-6.954909515380859375e+01
-6.777642822265625000e+01
-6.510370635986328125e+01
-6.538187408447265625e+01
-5.816860198974609375e+01
-5.345266342163085938e+01
-5.815589904785156250e+01
-5.530854415893554688e+01
-5.947190475463867188e+01
-6.817625427246093750e+01
-6.284785079956054688e+01
-6.145753860473632812e+01
-6.361132049560546875e+01
-6.341316223144531250e+01
-6.408420562744140625e+01
-6.345802307128906250e+01
-6.248808288574218750e+01
-6.266108322143554688e+01
-6.470226287841796875e+01
-6.505286407470703125e+01
-6.198020553588867188e+01
-7.301618194580078125e+01
-6.420294189453125000e+01
-6.449291229248046875e+01
-7.357632446289062500e+01
-7.613766479492187500e+01
-6.840159606933593750e+01
-6.758934020996093750e+01
-6.993521118164062500e+01
-7.171364593505859375e+01
-6.868383789062500000e+01
-6.916197967529296875e+01
-6.585420227050781250e+01
-6.449390411376953125e+01
-6.141241073608398438e+01
-6.226837539672851562e+01
-6.167861557006835938e+01
-5.437319183349609375e+01
-5.913221359252929688e+01
