1.346305999755859375e+02
1.360617218017578125e+02
1.403658599853515625e+02
1.405458679199218750e+02
1.387316284179687500e+02
1.378627777099609375e+02
1.373773803710937500e+02
1.401237030029296875e+02
1.385438385009765625e+02
1.349635162353515625e+02
1.360576019287109375e+02
1.362212829589843750e+02
1.375806884765625000e+02
1.346881256103515625e+02
1.260249710083007812e+02
1.259829483032226562e+02
1.291332244873046875e+02
1.333638763427734375e+02
1.336827392578125000e+02
1.349233551025390625e+02
1.338865051269531250e+02
1.329796295166015625e+02
1.355828247070312500e+02
1.375789184570312500e+02
1.394691925048828125e+02
1.341690216064453125e+02
1.383717498779296875e+02
1.481082000732421875e+02
1.377691955566406250e+02
1.324434661865234375e+02
1.283433074951171875e+02
1.315362701416015625e+02
1.377248382568359375e+02
1.414330902099609375e+02
1.390371856689453125e+02
1.404131164550781250e+02
1.387777252197265625e+02
1.382943420410156250e+02
1.353078460693359375e+02
1.382711486816406250e+02
1.377212524414062500e+02
1.352560729980468750e+02
1.429790191650390625e+02
1.390224304199218750e+02
1.312737884521484375e+02
1.304832305908203125e+02
1.305435791015625000e+02
1.287534790039062500e+02
1.318199768066406250e+02
1.317724304199218750e+02
1.332778320312500000e+02
1.350017547607421875e+02
1.364697265625000000e+02
1.339390106201171875e+02
1.358860168457031250e+02
1.348356781005859375e+02
1.399662170410156250e+02
1.437207946777343750e+02
1.408606719970703125e+02
1.312992553710937500e+02
1.340201263427734375e+02
1.365936584472656250e+02
1.364098358154296875e+02
1.327140808105468750e+02
1.366480255126953125e+02
1.392335205078125000e+02
1.385756835937500000e+02
1.407885284423828125e+02
1.382214202880859375e+02
1.376159820556640625e+02
1.327217102050781250e+02
1.350566864013671875e+02
1.467178802490234375e+02
1.366495208740234375e+02
1.341670532226562500e+02
1.343120880126953125e+02
1.314478607177734375e+02
1.332010040283203125e+02
1.357259979248046875e+02
1.298092041015625000e+02
1.317613372802734375e+02
1.311934814453125000e+02
1.354795227050781250e+02
1.371327972412109375e+02
1.376300354003906250e+02
1.325629882812500000e+02
1.348936767578125000e+02
1.436312866210937500e+02
1.396747131347656250e+02
1.302121276855468750e+02
1.344947204589843750e+02
1.374916687011718750e+02
1.386112823486328125e+02
1.383227233886718750e+02
1.372093505859375000e+02
1.321136779785156250e+02
1.353902893066406250e+02
1.371427917480468750e+02
1.404153289794921875e+02
1.406434326171875000e+02
1.343098754882812500e+02
1.354111938476562500e+02
1.435042266845703125e+02
1.357416839599609375e+02
1.376606445312500000e+02
1.314337921142578125e+02
1.311471405029296875e+02
1.361630401611328125e+02
1.372487182617187500e+02
1.333518218994140625e+02
1.365224304199218750e+02
1.318062744140625000e+02
1.317766876220703125e+02
1.316887207031250000e+02
1.372900085449218750e+02
1.329885406494140625e+02
1.379356384277343750e+02
1.423640441894531250e+02
1.337965850830078125e+02
1.271788177490234375e+02
1.354154205322265625e+02
1.367348175048828125e+02
1.374960784912109375e+02
1.378186492919921875e+02
1.377889099121093750e+02
1.374154968261718750e+02
1.373302154541015625e+02
1.312281494140625000e+02
1.334718017578125000e+02
1.358544006347656250e+02
1.386296539306640625e+02
1.384753875732421875e+02
1.436597290039062500e+02
1.361867523193359375e+02
1.341343688964843750e+02
1.288714599609375000e+02
1.350013732910156250e+02
1.365354156494140625e+02
1.344712677001953125e+02
1.365896911621093750e+02
1.375196838378906250e+02
1.332225646972656250e+02
1.371617584228515625e+02
1.324644927978515625e+02
1.314420623779296875e+02
1.322727966308593750e+02
1.359933776855468750e+02
1.421071472167968750e+02
1.355035705566406250e+02
1.270249481201171875e+02
1.316450500488281250e+02
1.347661437988281250e+02
1.396128845214843750e+02
1.394241027832031250e+02
1.357996826171875000e+02
1.378865203857421875e+02
1.376812896728515625e+02
1.362878723144531250e+02
1.380585937500000000e+02
1.294402313232421875e+02
1.317685089111328125e+02
1.351432189941406250e+02
1.445114593505859375e+02
1.391615600585937500e+02
1.334194030761718750e+02
1.309139862060546875e+02
1.320045318603515625e+02
1.350146179199218750e+02
1.398721618652343750e+02
1.377555236816406250e+02
1.347533416748046875e+02
1.378529663085937500e+02
1.399860687255859375e+02
1.346213684082031250e+02
1.377558593750000000e+02
1.334214630126953125e+02
1.337211456298828125e+02
1.396686248779296875e+02
1.316614837646484375e+02
1.308901062011718750e+02
1.345674896240234375e+02
1.367283477783203125e+02
1.354884796142578125e+02
1.371631774902343750e+02
1.395386199951171875e+02
1.378393859863281250e+02
1.382198181152343750e+02
1.398245391845703125e+02
1.377150268554687500e+02
1.341619110107421875e+02
1.327815551757812500e+02
1.333404083251953125e+02
1.365662078857421875e+02
1.318090820312500000e+02
1.325998229980468750e+02
1.337816314697265625e+02
1.350003814697265625e+02
1.363082885742187500e+02
1.349766387939453125e+02
1.368500213623046875e+02
1.394673004150390625e+02
1.375614166259765625e+02
1.368955383300781250e+02
1.428419647216796875e+02
1.349923706054687500e+02
1.346090393066406250e+02
1.451144256591796875e+02
1.336857147216796875e+02
1.264915542602539062e+02
1.309594421386718750e+02
1.358707427978515625e+02
1.388574066162109375e+02
1.394200134277343750e+02
1.358328857421875000e+02
1.359232788085937500e+02
1.364602355957031250e+02
1.389340515136718750e+02
1.362582855224609375e+02
1.394769592285156250e+02
1.367604370117187500e+02
1.363609924316406250e+02
1.412542266845703125e+02
1.312188262939453125e+02
1.263731002807617188e+02
1.285099639892578125e+02
1.325988922119140625e+02
1.341930694580078125e+02
1.381096496582031250e+02
1.361107177734375000e+02
1.361114654541015625e+02
1.351441040039062500e+02
1.401440582275390625e+02
1.388141784667968750e+02
1.374492187500000000e+02
1.376290435791015625e+02
1.418839874267578125e+02
1.460666809082031250e+02
1.360409851074218750e+02
1.293688964843750000e+02
1.291507873535156250e+02
1.347201995849609375e+02
1.367132568359375000e+02
1.362330932617187500e+02
1.386471252441406250e+02
1.379540100097656250e+02
1.354153289794921875e+02
1.362253112792968750e+02
1.364284362792968750e+02
1.371654205322265625e+02
1.343496093750000000e+02
1.394438934326171875e+02
1.420382537841796875e+02
1.321855468750000000e+02
1.321170959472656250e+02
1.242643814086914062e+02
1.283910980224609375e+02
1.343531799316406250e+02
1.373735046386718750e+02
1.363444366455078125e+02
1.380204467773437500e+02
1.361956329345703125e+02
1.375495758056640625e+02
1.355981140136718750e+02
1.399955291748046875e+02
1.364815063476562500e+02
1.432317504882812500e+02
1.455936737060546875e+02
1.330061187744140625e+02
1.324065856933593750e+02
1.372324523925781250e+02
1.362601470947265625e+02
1.345363922119140625e+02
1.354992675781250000e+02
1.381204528808593750e+02
1.363922576904296875e+02
1.383281555175781250e+02
1.374775390625000000e+02
1.357710418701171875e+02
1.308426055908203125e+02
1.377127380371093750e+02
1.437014923095703125e+02
1.347192535400390625e+02
1.329925231933593750e+02
1.305004730224609375e+02
1.310218963623046875e+02
1.333809814453125000e+02
1.281997528076171875e+02
1.317111816406250000e+02
1.340305633544921875e+02
1.370722503662109375e+02
1.385725555419921875e+02
1.357518920898437500e+02
1.381721801757812500e+02
1.368580169677734375e+02
1.372780761718750000e+02
1.506454315185546875e+02
1.386633605957031250e+02
1.317948150634765625e+02
1.380452728271484375e+02
1.361067352294921875e+02
1.384279022216796875e+02
1.400874481201171875e+02
1.332942047119140625e+02
1.354626159667968750e+02
1.346605682373046875e+02
1.400025787353515625e+02
1.386521301269531250e+02
1.383515625000000000e+02
1.351461181640625000e+02
1.338454589843750000e+02
1.415702056884765625e+02
1.353473358154296875e+02
1.306545867919921875e+02
1.324664459228515625e+02
1.347130584716796875e+02
1.343628540039062500e+02
1.356546936035156250e+02
1.314461517333984375e+02
1.285893554687500000e+02
1.335194702148437500e+02
1.346446685791015625e+02
1.352363586425781250e+02
1.361848297119140625e+02
1.344422912597656250e+02
1.409622344970703125e+02
1.422953796386718750e+02
1.336497344970703125e+02
1.357713165283203125e+02
1.347302246093750000e+02
1.404573974609375000e+02
1.437925415039062500e+02
1.383071594238281250e+02
1.409971466064453125e+02
1.375582580566406250e+02
1.339401550292968750e+02
1.360269927978515625e+02
1.382248535156250000e+02
1.358386535644531250e+02
1.368894042968750000e+02
1.439871978759765625e+02
1.354309539794921875e+02
1.306443634033203125e+02
1.302621154785156250e+02
1.335677032470703125e+02
1.329808959960937500e+02
1.383526306152343750e+02
1.342510681152343750e+02
1.350878143310546875e+02
1.353638305664062500e+02
1.290422973632812500e+02
1.290668029785156250e+02
1.341699981689453125e+02
1.346496582031250000e+02
1.360084991455078125e+02
1.462068481445312500e+02
1.393569183349609375e+02
1.301060485839843750e+02
1.314672698974609375e+02
1.380475006103515625e+02
1.416925964355468750e+02
1.390077819824218750e+02
1.435652160644531250e+02
1.430212097167968750e+02
1.391373138427734375e+02
1.413691406250000000e+02
1.375245208740234375e+02
1.346139831542968750e+02
1.363745422363281250e+02
1.385174255371093750e+02
1.401986694335937500e+02
1.372365570068359375e+02
1.310899353027343750e+02
1.287971191406250000e+02
1.305718078613281250e+02
1.360828552246093750e+02
1.363752746582031250e+02
1.325761871337890625e+02
1.346412963867187500e+02
1.347439422607421875e+02
1.336611938476562500e+02
1.315101776123046875e+02
1.294490509033203125e+02
1.297205657958984375e+02
1.336342926025390625e+02
1.466367187500000000e+02
1.378878173828125000e+02
1.311626586914062500e+02
1.327330474853515625e+02
1.343784484863281250e+02
1.383014678955078125e+02
1.432593078613281250e+02
1.416810760498046875e+02
1.388079071044921875e+02
1.421189727783203125e+02
1.418680877685546875e+02
1.391728363037109375e+02
1.407656097412109375e+02
1.337455902099609375e+02
1.346227874755859375e+02
1.414219055175781250e+02
1.363372039794921875e+02
1.313307952880859375e+02
1.319892425537109375e+02
1.307847747802734375e+02
1.322414093017578125e+02
1.335189208984375000e+02
1.357921600341796875e+02
1.352223052978515625e+02
1.340167541503906250e+02
1.368295288085937500e+02
1.341881408691406250e+02
1.340184783935546875e+02
1.309572296142578125e+02
1.272267684936523438e+02
1.418092041015625000e+02
1.309996185302734375e+02
1.297643127441406250e+02
1.343504028320312500e+02
1.356493530273437500e+02
1.389195404052734375e+02
1.391153259277343750e+02
1.392470245361328125e+02
1.431719818115234375e+02
1.415697479248046875e+02
1.417229461669921875e+02
1.436098937988281250e+02
1.406348266601562500e+02
1.374305114746093750e+02
1.391025390625000000e+02
1.412727355957031250e+02
1.332035827636718750e+02
1.298945465087890625e+02
1.329433135986328125e+02
1.335201568603515625e+02
1.353075256347656250e+02
1.333752899169921875e+02
1.313414459228515625e+02
1.326407012939453125e+02
1.351080932617187500e+02
1.358030242919921875e+02
1.350478973388671875e+02
1.356294555664062500e+02
1.322908172607421875e+02
1.334852600097656250e+02
1.441273498535156250e+02
1.253420028686523438e+02
1.255777435302734375e+02
1.301713256835937500e+02
1.349548950195312500e+02
1.388743286132812500e+02
1.405498657226562500e+02
1.392459564208984375e+02
1.392088470458984375e+02
1.401499023437500000e+02
1.440311737060546875e+02
1.431493225097656250e+02
1.405497589111328125e+02
1.418398742675781250e+02
1.415662689208984375e+02
1.431081542968750000e+02
1.390265808105468750e+02
1.294538116455078125e+02
1.293482055664062500e+02
1.312778778076171875e+02
1.362326812744140625e+02
1.355313415527343750e+02
1.355866241455078125e+02
1.321331176757812500e+02
1.309813690185546875e+02
1.335180358886718750e+02
1.331033630371093750e+02
1.363599243164062500e+02
1.329890441894531250e+02
1.351626892089843750e+02
1.434555511474609375e+02
1.334987487792968750e+02
1.265326004028320312e+02
1.242694625854492188e+02
1.296829681396484375e+02
1.350039215087890625e+02
1.393343505859375000e+02
1.394049530029296875e+02
1.400151977539062500e+02
1.397226562500000000e+02
1.398020782470703125e+02
1.394690246582031250e+02
1.438717346191406250e+02
1.420377502441406250e+02
1.407810516357421875e+02
1.481184692382812500e+02
1.420829620361328125e+02
1.351837005615234375e+02
1.347069549560546875e+02
1.315935668945312500e+02
1.318859558105468750e+02
1.337834014892578125e+02
1.345957183837890625e+02
1.335886688232421875e+02
1.346142120361328125e+02
1.334745483398437500e+02
1.309208526611328125e+02
1.321493682861328125e+02
1.315682525634765625e+02
1.344956207275390625e+02
1.398468322753906250e+02
1.368479461669921875e+02
1.264937667846679688e+02
1.289233245849609375e+02
1.326277160644531250e+02
1.301554565429687500e+02
1.317380371093750000e+02
1.345643768310546875e+02
1.397756958007812500e+02
1.380438079833984375e+02
1.409895477294921875e+02
1.381965026855468750e+02
1.412638244628906250e+02
1.389846038818359375e+02
1.407357788085937500e+02
1.488215637207031250e+02
1.426180725097656250e+02
1.412088470458984375e+02
1.399446868896484375e+02
1.332800445556640625e+02
1.372753295898437500e+02
1.360906219482421875e+02
1.309490661621093750e+02
1.337297973632812500e+02
1.332254943847656250e+02
1.331924438476562500e+02
1.353435668945312500e+02
1.345139923095703125e+02
1.309202728271484375e+02
1.317226104736328125e+02
1.360508880615234375e+02
1.432334747314453125e+02
1.276390075683593750e+02
1.309631652832031250e+02
1.326541442871093750e+02
1.334797821044921875e+02
1.367335205078125000e+02
1.333538970947265625e+02
1.296692504882812500e+02
1.351082458496093750e+02
1.373589782714843750e+02
1.394130401611328125e+02
1.410819091796875000e+02
1.401627197265625000e+02
1.395021667480468750e+02
1.394799194335937500e+02
1.474461364746093750e+02
1.430531158447265625e+02
1.364392700195312500e+02
1.362629547119140625e+02
1.396113586425781250e+02
1.373682708740234375e+02
1.366226654052734375e+02
1.360367431640625000e+02
1.315709228515625000e+02
1.318243560791015625e+02
1.317005157470703125e+02
1.344510345458984375e+02
1.338080902099609375e+02
1.345897521972656250e+02
1.327108306884765625e+02
1.374443969726562500e+02
1.328318328857421875e+02
1.278569107055664062e+02
1.310165252685546875e+02
1.318103027343750000e+02
1.363498382568359375e+02
1.365347442626953125e+02
1.344642944335937500e+02
1.362222137451171875e+02
1.296982269287109375e+02
1.333563232421875000e+02
1.361010894775390625e+02
1.410860748291015625e+02
1.349761505126953125e+02
1.382076416015625000e+02
1.480192108154296875e+02
1.400902252197265625e+02
1.351122283935546875e+02
1.369322357177734375e+02
1.373801116943359375e+02
1.360684051513671875e+02
1.420085144042968750e+02
1.396954803466796875e+02
1.361362609863281250e+02
1.370893554687500000e+02
1.335382385253906250e+02
1.313136291503906250e+02
1.331432189941406250e+02
1.319400482177734375e+02
1.287373352050781250e+02
1.384754180908203125e+02
1.399757995605468750e+02
1.250229644775390625e+02
1.265018539428710938e+02
1.302076721191406250e+02
1.353736114501953125e+02
1.342243041992187500e+02
1.386669616699218750e+02
1.361565856933593750e+02
1.356641845703125000e+02
1.375701141357421875e+02
1.332367401123046875e+02
1.316199188232421875e+02
1.360693359375000000e+02
1.379915466308593750e+02
1.374616851806640625e+02
1.476633453369140625e+02
1.381992950439453125e+02
1.345064086914062500e+02
1.326696014404296875e+02
1.365652008056640625e+02
1.414708709716796875e+02
1.385475921630859375e+02
1.404516906738281250e+02
1.420276641845703125e+02
1.351611175537109375e+02
1.367550201416015625e+02
1.324214630126953125e+02
1.313146057128906250e+02
1.313274383544921875e+02
1.311363525390625000e+02
1.421844940185546875e+02
1.344998321533203125e+02
1.273409271240234375e+02
1.284645690917968750e+02
1.297425537109375000e+02
1.344697570800781250e+02
1.371903228759765625e+02
1.348807525634765625e+02
1.369102478027343750e+02
1.377954406738281250e+02
1.361584472656250000e+02
1.352031555175781250e+02
1.363905944824218750e+02
1.268967208862304688e+02
1.339399108886718750e+02
1.430413970947265625e+02
1.390499725341796875e+02
1.367050933837890625e+02
1.344674530029296875e+02
1.353560485839843750e+02
1.365666961669921875e+02
1.378629150390625000e+02
1.408167724609375000e+02
1.395885620117187500e+02
1.365105438232421875e+02
1.386648712158203125e+02
1.362083129882812500e+02
1.339868469238281250e+02
1.359378204345703125e+02
1.273901062011718750e+02
1.372080993652343750e+02
1.349427032470703125e+02
1.278361968994140625e+02
1.283662414550781250e+02
1.321411285400390625e+02
1.327676544189453125e+02
1.323386993408203125e+02
1.336203308105468750e+02
1.364836425781250000e+02
1.364352722167968750e+02
1.339020538330078125e+02
1.359549865722656250e+02
1.361231384277343750e+02
1.343322753906250000e+02
1.358933258056640625e+02
1.306816558837890625e+02
1.385895080566406250e+02
1.318291778564453125e+02
1.347224426269531250e+02
1.341444244384765625e+02
1.357241363525390625e+02
1.375183868408203125e+02
1.377905883789062500e+02
1.365589294433593750e+02
1.408961029052734375e+02
1.396061401367187500e+02
1.376851196289062500e+02
1.400196685791015625e+02
1.382586517333984375e+02
1.316049957275390625e+02
1.365723876953125000e+02
1.427574310302734375e+02
1.288578338623046875e+02
1.261213302612304688e+02
1.305311737060546875e+02
1.314531555175781250e+02
1.363985443115234375e+02
1.350222625732421875e+02
1.323426513671875000e+02
1.339215087890625000e+02
1.368992004394531250e+02
1.365899505615234375e+02
1.331969909667968750e+02
1.364754638671875000e+02
1.371504211425781250e+02
1.367040100097656250e+02
1.414626159667968750e+02
1.286429290771484375e+02
1.282228088378906250e+02
1.299921264648437500e+02
1.362920074462890625e+02
1.376427154541015625e+02
1.388727416992187500e+02
1.372943725585937500e+02
1.375335540771484375e+02
1.366214141845703125e+02
1.407890014648437500e+02
1.378867034912109375e+02
1.376170043945312500e+02
1.374104156494140625e+02
1.375491790771484375e+02
1.430915527343750000e+02
1.394002380371093750e+02
1.253490524291992188e+02
1.257415542602539062e+02
1.297410125732421875e+02
1.350326843261718750e+02
1.340258178710937500e+02
1.361716918945312500e+02
1.348787536621093750e+02
1.324862976074218750e+02
1.345587615966796875e+02
1.374120483398437500e+02
1.389213562011718750e+02
1.328459014892578125e+02
1.342182464599609375e+02
1.431333618164062500e+02
1.370840911865234375e+02
1.316734008789062500e+02
1.253698348999023438e+02
1.284732971191406250e+02
1.334716949462890625e+02
1.387098541259765625e+02
1.381138916015625000e+02
1.388377685546875000e+02
1.375359802246093750e+02
1.369369964599609375e+02
1.383974456787109375e+02
1.415910797119140625e+02
1.380397644042968750e+02
1.334612121582031250e+02
1.430113830566406250e+02
1.456544647216796875e+02
1.288482208251953125e+02
1.307062377929687500e+02
1.279621734619140625e+02
1.304402770996093750e+02
1.332740478515625000e+02
1.361229858398437500e+02
1.352408599853515625e+02
1.368549957275390625e+02
1.343268890380859375e+02
1.332282867431640625e+02
1.341354980468750000e+02
1.373607940673828125e+02
1.371670227050781250e+02
1.358094482421875000e+02
1.439259033203125000e+02
1.330339355468750000e+02
1.310416412353515625e+02
1.305455017089843750e+02
1.267749404907226562e+02
1.327764587402343750e+02
1.350794677734375000e+02
1.379660949707031250e+02
1.391093139648437500e+02
1.371358489990234375e+02
1.390564422607421875e+02
1.364554595947265625e+02
1.374716339111328125e+02
1.375351562500000000e+02
1.377600860595703125e+02
1.458423614501953125e+02
1.394375305175781250e+02
1.296836242675781250e+02
1.307692260742187500e+02
1.338756713867187500e+02
1.318575439453125000e+02
1.334968872070312500e+02
1.322766723632812500e+02
1.368840942382812500e+02
1.368717498779296875e+02
1.372702789306640625e+02
1.361348876953125000e+02
1.356180572509765625e+02
1.349460144042968750e+02
1.394703369140625000e+02
1.419018096923828125e+02
1.379080200195312500e+02
1.346199645996093750e+02
1.327683868408203125e+02
1.343431854248046875e+02
1.335862274169921875e+02
1.300073242187500000e+02
1.336919708251953125e+02
1.352854156494140625e+02
1.358947448730468750e+02
1.389319763183593750e+02
1.373660278320312500e+02
1.368126831054687500e+02
1.368126525878906250e+02
1.389766082763671875e+02
1.490166931152343750e+02
1.383377227783203125e+02
1.345368652343750000e+02
1.362524719238281250e+02
1.329046783447265625e+02
1.378593902587890625e+02
1.363370361328125000e+02
1.315496978759765625e+02
1.350341491699218750e+02
1.342969512939453125e+02
1.356464080810546875e+02
1.366053619384765625e+02
1.393306884765625000e+02
1.334559631347656250e+02
1.365430450439453125e+02
1.423534851074218750e+02
1.381612701416015625e+02
1.313436584472656250e+02
1.359110412597656250e+02
1.351056518554687500e+02
1.360286407470703125e+02
1.376426544189453125e+02
1.306367950439453125e+02
1.308977355957031250e+02
1.338032226562500000e+02
1.367638397216796875e+02
1.350874481201171875e+02
1.374718933105468750e+02
1.334548034667968750e+02
1.334049072265625000e+02
1.446989746093750000e+02
1.426864166259765625e+02
1.334240264892578125e+02
1.297837524414062500e+02
1.369842681884765625e+02
1.392952117919921875e+02
1.361656494140625000e+02
1.381392211914062500e+02
1.358920288085937500e+02
1.320889892578125000e+02
1.350965423583984375e+02
1.359695281982421875e+02
1.362423553466796875e+02
1.384295349121093750e+02
1.361809844970703125e+02
1.400353088378906250e+02
1.376956939697265625e+02
1.340846252441406250e+02
1.343889923095703125e+02
1.322388763427734375e+02
1.367078247070312500e+02
1.369833984375000000e+02
1.352704620361328125e+02
1.359189300537109375e+02
1.284585571289062500e+02
1.303956909179687500e+02
1.352332611083984375e+02
1.383634338378906250e+02
1.342370758056640625e+02
1.345331268310546875e+02
1.399224090576171875e+02
1.420556640625000000e+02
1.304024658203125000e+02
1.329736480712890625e+02
1.343027648925781250e+02
1.337035522460937500e+02
1.394781494140625000e+02
1.399440765380859375e+02
1.357117462158203125e+02
1.382013397216796875e+02
1.346889801025390625e+02
1.332134399414062500e+02
1.344812469482421875e+02
1.378518829345703125e+02
1.359471893310546875e+02
1.388547668457031250e+02
1.427501678466796875e+02
1.321043853759765625e+02
1.310152282714843750e+02
1.341280059814453125e+02
1.366982116699218750e+02
1.363385009765625000e+02
1.378554840087890625e+02
1.362984924316406250e+02
1.348406066894531250e+02
1.340316772460937500e+02
1.299982299804687500e+02
1.309951171875000000e+02
1.341586456298828125e+02
1.340077056884765625e+02
1.372004241943359375e+02
1.471704406738281250e+02
1.347973175048828125e+02
1.293211822509765625e+02
1.313659210205078125e+02
1.355974273681640625e+02
1.382407684326171875e+02
1.377211456298828125e+02
1.409684906005859375e+02
1.385557403564453125e+02
1.375156250000000000e+02
1.395714721679687500e+02
1.345773773193359375e+02
1.369618835449218750e+02
1.347533874511718750e+02
1.399013824462890625e+02
1.443601837158203125e+02
1.383106994628906250e+02
1.315738525390625000e+02
1.323250274658203125e+02
1.342064819335937500e+02
1.390715026855468750e+02
1.374517822265625000e+02
1.378462219238281250e+02
1.389205780029296875e+02
1.354553222656250000e+02
1.363206024169921875e+02
1.326706237792968750e+02
1.277282714843750000e+02
1.311323242187500000e+02
1.340025024414062500e+02
1.415847625732421875e+02
1.392419891357421875e+02
1.283004913330078125e+02
1.288593597412109375e+02
1.311228790283203125e+02
1.367856750488281250e+02
1.404047546386718750e+02
1.372304077148437500e+02
1.404173431396484375e+02
1.428818206787109375e+02
1.384450225830078125e+02
1.399256591796875000e+02
1.392770690917968750e+02
1.303857269287109375e+02
1.362599945068359375e+02
1.420619201660156250e+02
1.383468017578125000e+02
1.346596832275390625e+02
1.349060211181640625e+02
1.338671264648437500e+02
1.356494293212890625e+02
1.363850250244140625e+02
1.378854827880859375e+02
1.357295074462890625e+02
1.372994689941406250e+02
1.372951049804687500e+02
1.334138641357421875e+02
1.354926910400390625e+02
1.297410430908203125e+02
1.240482559204101562e+02
1.383907470703125000e+02
1.381147003173828125e+02
1.271810760498046875e+02
1.294432525634765625e+02
1.303961334228515625e+02
1.330885772705078125e+02
1.346896362304687500e+02
1.387103576660156250e+02
1.408663177490234375e+02
1.375311279296875000e+02
1.403907623291015625e+02
1.426226501464843750e+02
1.379683380126953125e+02
1.391312255859375000e+02
1.379305419921875000e+02
1.352765045166015625e+02
1.423489532470703125e+02
1.334901733398437500e+02
1.329298858642578125e+02
1.344064941406250000e+02
1.365703735351562500e+02
1.362098693847656250e+02
1.362688293457031250e+02
1.359788208007812500e+02
1.372425231933593750e+02
1.344265441894531250e+02
1.390423889160156250e+02
1.359423065185546875e+02
1.337391204833984375e+02
1.313589019775390625e+02
1.291249084472656250e+02
1.370256652832031250e+02
1.296235504150390625e+02
1.276417846679687500e+02
1.277099761962890625e+02
1.323473815917968750e+02
1.350556488037109375e+02
1.359808807373046875e+02
1.352913055419921875e+02
1.391908264160156250e+02
1.419206390380859375e+02
