-1.568901367187500000e+02
-1.490821533203125000e+02
-1.600251770019531250e+02
-1.716932373046875000e+02
-1.724601898193359375e+02
-1.744695129394531250e+02
-1.623144073486328125e+02
-1.491720123291015625e+02
-1.440931854248046875e+02
-1.546536712646484375e+02
-1.670107421875000000e+02
-1.679900360107421875e+02
-1.438964843750000000e+02
-1.440506896972656250e+02
-1.159398422241210938e+02
-1.671353302001953125e+02
-1.671819458007812500e+02
-1.782845916748046875e+02
-1.594400939941406250e+02
1.717413787841796875e+02
-1.750822296142578125e+02
-1.794512329101562500e+02
-1.578048553466796875e+02
1.750734558105468750e+02
-1.502214660644531250e+02
-1.735175476074218750e+02
1.784181823730468750e+02
-1.610157623291015625e+02
-1.440345764160156250e+02
-1.329860229492187500e+02
-1.362382812500000000e+02
-1.582382965087890625e+02
-1.498674011230468750e+02
-1.509911041259765625e+02
-1.543974304199218750e+02
-1.588971099853515625e+02
-1.635112304687500000e+02
-1.677835235595703125e+02
-1.578637390136718750e+02
-1.627501373291015625e+02
-1.533685455322265625e+02
-1.513287506103515625e+02
-1.539960327148437500e+02
-1.514331512451171875e+02
-1.537455749511718750e+02
-1.380537719726562500e+02
-1.486579284667968750e+02
-1.395903778076171875e+02
-1.783373870849609375e+02
-1.710418853759765625e+02
1.799990844726562500e+02
-1.634266662597656250e+02
-1.773440856933593750e+02
-1.480179748535156250e+02
1.771533508300781250e+02
-1.517012939453125000e+02
1.752682495117187500e+02
-1.620447845458984375e+02
-1.637435760498046875e+02
-1.706870269775390625e+02
-1.540484619140625000e+02
-1.429345855712890625e+02
-1.461555633544921875e+02
-1.339697418212890625e+02
-1.600066680908203125e+02
-1.550969848632812500e+02
-1.454660034179687500e+02
-1.433758697509765625e+02
-1.609256744384765625e+02
-1.513030395507812500e+02
1.734656066894531250e+02
-1.625366516113281250e+02
-1.742457275390625000e+02
-1.344541015625000000e+02
-1.428114166259765625e+02
-1.462364654541015625e+02
-1.561763763427734375e+02
-1.525620422363281250e+02
-1.544525451660156250e+02
-1.456625823974609375e+02
-1.674182739257812500e+02
-1.761824035644531250e+02
-1.713927917480468750e+02
-1.679156951904296875e+02
-1.770806427001953125e+02
-1.667453460693359375e+02
-1.750850830078125000e+02
-1.682724304199218750e+02
-1.597639923095703125e+02
-1.621831512451171875e+02
-1.550617370605468750e+02
-1.443438110351562500e+02
-1.699643249511718750e+02
-1.556107025146484375e+02
-1.369943695068359375e+02
-1.420146484375000000e+02
-1.522873229980468750e+02
-1.536650848388671875e+02
-1.442487640380859375e+02
-1.363883514404296875e+02
-1.507171936035156250e+02
-1.707093048095703125e+02
-1.769127655029296875e+02
1.728389434814453125e+02
-1.565552673339843750e+02
-1.699719848632812500e+02
-1.257479934692382812e+02
-1.545391998291015625e+02
-1.730315399169921875e+02
-1.624736328125000000e+02
-1.587761688232421875e+02
-1.542877502441406250e+02
-1.333603363037109375e+02
-1.773141479492187500e+02
-1.619561920166015625e+02
-1.723427124023437500e+02
-1.446035003662109375e+02
1.767714691162109375e+02
-1.500784606933593750e+02
-1.582674407958984375e+02
-1.525848083496093750e+02
-1.604770050048828125e+02
-1.458045196533203125e+02
-1.596999816894531250e+02
-1.734602355957031250e+02
-1.644976654052734375e+02
-1.443489685058593750e+02
-1.439048156738281250e+02
-1.401666412353515625e+02
-1.494665679931640625e+02
-1.463746643066406250e+02
-1.473023071289062500e+02
-1.435052947998046875e+02
-1.696810760498046875e+02
-1.715602722167968750e+02
-1.742684478759765625e+02
-1.607473602294921875e+02
-1.561423339843750000e+02
-1.619776000976562500e+02
-1.592131652832031250e+02
-1.627447509765625000e+02
-1.681973876953125000e+02
-1.644827117919921875e+02
-1.522217712402343750e+02
-1.394544525146484375e+02
-1.338549499511718750e+02
-1.698460845947265625e+02
-1.538291625976562500e+02
-1.727254180908203125e+02
-1.680931854248046875e+02
-1.634024505615234375e+02
-1.625501556396484375e+02
-1.492458801269531250e+02
-1.503875427246093750e+02
-1.687873229980468750e+02
-1.534609222412109375e+02
-1.618554382324218750e+02
-1.712016296386718750e+02
-1.569673767089843750e+02
-1.382078247070312500e+02
-1.350562438964843750e+02
-1.400319061279296875e+02
-1.510996246337890625e+02
-1.531478881835937500e+02
-1.474293670654296875e+02
-1.374705047607421875e+02
-1.731034240722656250e+02
-1.589073181152343750e+02
1.704993133544921875e+02
-1.650917053222656250e+02
1.724092559814453125e+02
-1.552010498046875000e+02
-1.686857299804687500e+02
-1.737662353515625000e+02
-1.653853607177734375e+02
-1.501477813720703125e+02
-1.445664520263671875e+02
-1.263544311523437500e+02
-1.723754730224609375e+02
-1.650723266601562500e+02
-1.683659362792968750e+02
-1.463998870849609375e+02
-1.636945037841796875e+02
-1.380498504638671875e+02
-1.773231658935546875e+02
-1.551600494384765625e+02
-1.689287719726562500e+02
-1.517891540527343750e+02
-1.627305908203125000e+02
-1.745721588134765625e+02
-1.665781707763671875e+02
-1.350467529296875000e+02
-1.438944244384765625e+02
-1.155706253051757812e+02
-1.630918884277343750e+02
-1.591059875488281250e+02
-1.526745910644531250e+02
-1.448991088867187500e+02
-1.481807098388671875e+02
-1.635030822753906250e+02
1.705526428222656250e+02
-1.663563232421875000e+02
-1.764308319091796875e+02
-1.717800292968750000e+02
-1.560723876953125000e+02
-1.576401672363281250e+02
-1.557628631591796875e+02
-1.618467102050781250e+02
-1.401095886230468750e+02
-1.503445281982421875e+02
-1.423649139404296875e+02
-1.467447662353515625e+02
-1.519557342529296875e+02
-1.467993927001953125e+02
-1.551192321777343750e+02
-1.696363220214843750e+02
-1.600478210449218750e+02
-1.707411041259765625e+02
-1.545509185791015625e+02
-1.706506805419921875e+02
-1.591756439208984375e+02
-1.621695404052734375e+02
-1.711335296630859375e+02
-1.674372558593750000e+02
-1.354904327392578125e+02
-1.482131195068359375e+02
-1.429170074462890625e+02
-1.546846313476562500e+02
-1.494009246826171875e+02
-1.396486358642578125e+02
-1.542789001464843750e+02
-1.797897338867187500e+02
-1.673196105957031250e+02
1.790185241699218750e+02
-1.691886596679687500e+02
1.730605926513671875e+02
-1.457569274902343750e+02
-1.467126922607421875e+02
-1.588308410644531250e+02
-1.590555419921875000e+02
-1.498440856933593750e+02
-1.446068267822265625e+02
-1.387282104492187500e+02
-1.583835601806640625e+02
-1.412838592529296875e+02
-1.579424896240234375e+02
-1.607705841064453125e+02
-1.730985717773437500e+02
-1.516629486083984375e+02
-1.774531250000000000e+02
-1.673788146972656250e+02
-1.541459503173828125e+02
-1.555450134277343750e+02
-1.607760772705078125e+02
-1.589869689941406250e+02
-1.755610198974609375e+02
-1.581077423095703125e+02
-1.312306213378906250e+02
-1.330497131347656250e+02
-1.343342437744140625e+02
-1.494943237304687500e+02
-1.540645294189453125e+02
-1.530002593994140625e+02
-1.572718811035156250e+02
1.761165466308593750e+02
-1.715715332031250000e+02
1.739469146728515625e+02
-1.589893035888671875e+02
-1.699374237060546875e+02
-1.417078399658203125e+02
-1.531453399658203125e+02
-1.712597351074218750e+02
-1.642531738281250000e+02
-1.441009979248046875e+02
-1.401454315185546875e+02
-1.124095764160156250e+02
-1.662790832519531250e+02
-1.614302825927734375e+02
-1.638665161132812500e+02
-1.543225402832031250e+02
1.727776489257812500e+02
-1.466467132568359375e+02
-1.710103454589843750e+02
-1.413609924316406250e+02
-1.642903594970703125e+02
-1.463399963378906250e+02
-1.675871429443359375e+02
-1.734393463134765625e+02
-1.605407562255859375e+02
-1.473937835693359375e+02
-1.372719573974609375e+02
-1.338761901855468750e+02
-1.408920288085937500e+02
-1.584299621582031250e+02
-1.557641601562500000e+02
-1.570159759521484375e+02
-1.529772033691406250e+02
-1.743472595214843750e+02
-1.680486602783203125e+02
-1.752140350341796875e+02
-1.546897277832031250e+02
-1.692120971679687500e+02
-1.496311492919921875e+02
-1.582252349853515625e+02
-1.591057434082031250e+02
-1.508398742675781250e+02
-1.295509033203125000e+02
-1.464197082519531250e+02
-1.322557220458984375e+02
-1.680088958740234375e+02
-1.624672546386718750e+02
-1.758079986572265625e+02
-1.508974761962890625e+02
-1.788285369873046875e+02
-1.373844146728515625e+02
-1.765226135253906250e+02
-1.379270935058593750e+02
-1.733445434570312500e+02
-1.559227142333984375e+02
-1.523186492919921875e+02
-1.668342437744140625e+02
-1.655575714111328125e+02
-1.504607391357421875e+02
-1.485856018066406250e+02
-1.450638275146484375e+02
-1.432598876953125000e+02
-1.632162170410156250e+02
-1.539262695312500000e+02
-1.504855194091796875e+02
-1.495847167968750000e+02
-1.670718994140625000e+02
-1.591875762939453125e+02
1.760857849121093750e+02
-1.620472717285156250e+02
-1.700349731445312500e+02
-1.425339660644531250e+02
-1.476397552490234375e+02
-1.419165802001953125e+02
-1.585943603515625000e+02
-1.461561126708984375e+02
-1.404637145996093750e+02
-1.362947998046875000e+02
1.745852508544921875e+02
-1.618351440429687500e+02
-1.683556518554687500e+02
-1.442372589111328125e+02
1.781098785400390625e+02
-1.395801544189453125e+02
1.692597808837890625e+02
-1.573947601318359375e+02
-1.474377288818359375e+02
-1.528983612060546875e+02
-1.538468475341796875e+02
-1.613758697509765625e+02
-1.769235839843750000e+02
-1.599626770019531250e+02
-1.453727111816406250e+02
-1.500967407226562500e+02
-1.460365142822265625e+02
-1.601597900390625000e+02
-1.504415130615234375e+02
-1.434355926513671875e+02
-1.443613128662109375e+02
-1.713397521972656250e+02
-1.689543914794921875e+02
1.696106109619140625e+02
-1.546717987060546875e+02
-1.646212615966796875e+02
-1.260925369262695312e+02
-1.548899841308593750e+02
-1.679700164794921875e+02
-1.611050872802734375e+02
-1.498665313720703125e+02
-1.544325714111328125e+02
-1.360425109863281250e+02
-1.683877258300781250e+02
-1.583131256103515625e+02
-1.701017608642578125e+02
-1.511142730712890625e+02
1.713544769287109375e+02
-1.543582000732421875e+02
-1.613289489746093750e+02
-1.502804718017578125e+02
-1.450401306152343750e+02
-1.615975799560546875e+02
-1.652878265380859375e+02
-1.693022613525390625e+02
-1.746611480712890625e+02
-1.637146606445312500e+02
-1.429454193115234375e+02
-1.485234832763671875e+02
-1.416612396240234375e+02
-1.569018554687500000e+02
-1.452902221679687500e+02
-1.445318756103515625e+02
-1.491597290039062500e+02
-1.722463989257812500e+02
-1.578745422363281250e+02
-1.790897827148437500e+02
-1.410417633056640625e+02
-1.787027587890625000e+02
-1.519028625488281250e+02
-1.554673767089843750e+02
-1.690676727294921875e+02
-1.737426147460937500e+02
-1.503979034423828125e+02
-1.447072906494140625e+02
-1.185164031982421875e+02
-1.670820312500000000e+02
-1.619952392578125000e+02
-1.789378204345703125e+02
-1.669393005371093750e+02
-1.787037811279296875e+02
-1.525045776367187500e+02
-1.487874603271484375e+02
-1.521995239257812500e+02
-1.529622802734375000e+02
-1.734193572998046875e+02
-1.661107940673828125e+02
-1.694317169189453125e+02
-1.677362670898437500e+02
-1.597974243164062500e+02
-1.378476104736328125e+02
-1.499917297363281250e+02
-1.353256988525390625e+02
-1.621465148925781250e+02
-1.470973663330078125e+02
-1.332177581787109375e+02
-1.401068420410156250e+02
-1.608684082031250000e+02
-1.515205841064453125e+02
1.662136230468750000e+02
-1.643424682617187500e+02
1.746520385742187500e+02
-1.557291259765625000e+02
-1.633863983154296875e+02
-1.723811492919921875e+02
-1.645106506347656250e+02
-1.441143646240234375e+02
-1.500707550048828125e+02
-1.175976486206054688e+02
1.798948516845703125e+02
-1.781344299316406250e+02
-1.656106109619140625e+02
-1.581925201416015625e+02
-1.601735687255859375e+02
-1.547463226318359375e+02
-1.725607910156250000e+02
-1.613867645263671875e+02
-1.532356414794921875e+02
-1.673567657470703125e+02
-1.607190551757812500e+02
-1.601781768798828125e+02
-1.610424041748046875e+02
-1.547756347656250000e+02
-1.343884277343750000e+02
-1.524916839599609375e+02
-1.419236602783203125e+02
-1.473325042724609375e+02
-1.471258850097656250e+02
-1.283310394287109375e+02
-1.513231964111328125e+02
-1.773049163818359375e+02
-1.673888244628906250e+02
1.740158081054687500e+02
-1.719116973876953125e+02
1.778207092285156250e+02
-1.518023986816406250e+02
-1.546050567626953125e+02
-1.717769470214843750e+02
-1.610750579833984375e+02
-1.531727294921875000e+02
-1.500392761230468750e+02
-1.229092864990234375e+02
-1.532397613525390625e+02
-1.572271423339843750e+02
-1.608360595703125000e+02
-1.623194580078125000e+02
1.781388702392578125e+02
-1.556941223144531250e+02
1.790836639404296875e+02
-1.613636474609375000e+02
-1.596197052001953125e+02
-1.552053527832031250e+02
-1.589433441162109375e+02
-1.606248474121093750e+02
-1.685119476318359375e+02
-1.493851318359375000e+02
-1.403671722412109375e+02
-1.375475921630859375e+02
-1.348967895507812500e+02
-1.412322235107421875e+02
-1.541278839111328125e+02
-1.467563781738281250e+02
-1.543995666503906250e+02
-1.798950195312500000e+02
-1.768111572265625000e+02
1.750170898437500000e+02
-1.564682159423828125e+02
-1.716125488281250000e+02
-1.497791442871093750e+02
-1.591655578613281250e+02
1.794236297607421875e+02
-1.730291442871093750e+02
-1.497286987304687500e+02
-1.482384490966796875e+02
-1.175161819458007812e+02
-1.691076660156250000e+02
-1.679238281250000000e+02
-1.737955932617187500e+02
-1.575045166015625000e+02
-1.797733764648437500e+02
-1.509025268554687500e+02
1.789256439208984375e+02
-1.485396881103515625e+02
-1.660416870117187500e+02
-1.467729339599609375e+02
-1.607558135986328125e+02
-1.710390014648437500e+02
-1.630538330078125000e+02
-1.405944671630859375e+02
-1.237401580810546875e+02
-1.379219665527343750e+02
-1.432723236083984375e+02
-1.509092407226562500e+02
-1.527734222412109375e+02
-1.597015228271484375e+02
-1.584113159179687500e+02
-1.733448791503906250e+02
-1.608374176025390625e+02
1.714154815673828125e+02
-1.679749755859375000e+02
-1.759958648681640625e+02
-1.608837890625000000e+02
-1.620363159179687500e+02
-1.603280944824218750e+02
-1.488426818847656250e+02
-1.511511993408203125e+02
-1.511636199951171875e+02
-1.384440612792968750e+02
-1.771771545410156250e+02
-1.676704254150390625e+02
-1.679916076660156250e+02
-1.476492462158203125e+02
-1.654887847900390625e+02
-1.677805633544921875e+02
-1.766236267089843750e+02
-1.621634674072265625e+02
-1.688209991455078125e+02
-1.363826904296875000e+02
-1.547753295898437500e+02
-1.555393371582031250e+02
-1.609143371582031250e+02
-1.411233825683593750e+02
-1.374583892822265625e+02
-1.322827606201171875e+02
-1.686840057373046875e+02
-1.505425109863281250e+02
-1.556364746093750000e+02
-1.452272186279296875e+02
-1.705855865478515625e+02
-1.645657958984375000e+02
1.628148803710937500e+02
-1.694773559570312500e+02
-1.656878356933593750e+02
-1.502395782470703125e+02
-1.449815673828125000e+02
-1.548117370605468750e+02
-1.667615356445312500e+02
-1.607852783203125000e+02
-1.541595611572265625e+02
-1.540910034179687500e+02
-1.512458038330078125e+02
-1.694954833984375000e+02
-1.562141265869140625e+02
-1.657157440185546875e+02
-1.587658843994140625e+02
-1.709946289062500000e+02
-1.648714752197265625e+02
-1.506405334472656250e+02
-1.416094207763671875e+02
-1.497222900390625000e+02
-1.486813049316406250e+02
-1.654962310791015625e+02
-1.735039215087890625e+02
-1.665166015625000000e+02
-1.450602111816406250e+02
-1.442729492187500000e+02
-1.457962341308593750e+02
-1.567157135009765625e+02
-1.533757781982421875e+02
-1.469538116455078125e+02
-1.536279754638671875e+02
-1.795861663818359375e+02
-1.455861968994140625e+02
1.651414642333984375e+02
-1.512357635498046875e+02
-1.737477874755859375e+02
-1.564034423828125000e+02
-1.612580718994140625e+02
-1.678467407226562500e+02
-1.729923400878906250e+02
-1.501119842529296875e+02
-1.474748229980468750e+02
-1.379823760986328125e+02
-1.665308990478515625e+02
-1.567369079589843750e+02
-1.655778961181640625e+02
-1.537464447021484375e+02
-1.506057281494140625e+02
-1.376290435791015625e+02
-1.538042297363281250e+02
-1.504139862060546875e+02
-1.490697326660156250e+02
-1.596896514892578125e+02
-1.602688751220703125e+02
-1.757109375000000000e+02
-1.704271392822265625e+02
-1.564839935302734375e+02
-1.372195892333984375e+02
-1.366621398925781250e+02
-1.340342407226562500e+02
-1.617415161132812500e+02
-1.532937316894531250e+02
-1.402610015869140625e+02
-1.464877319335937500e+02
-1.694202880859375000e+02
-1.585118560791015625e+02
-1.789956207275390625e+02
-1.650750122070312500e+02
1.781253509521484375e+02
-1.566998901367187500e+02
-1.599104614257812500e+02
-1.707467193603515625e+02
-1.586458282470703125e+02
-1.462947692871093750e+02
-1.398594818115234375e+02
-1.308179016113281250e+02
-1.719179077148437500e+02
-1.489046783447265625e+02
-1.533102264404296875e+02
-1.374964599609375000e+02
-1.585095825195312500e+02
-1.598382263183593750e+02
-1.716461181640625000e+02
-1.556947784423828125e+02
-1.797327117919921875e+02
-1.567837219238281250e+02
-1.642459869384765625e+02
-1.772086791992187500e+02
-1.736381225585937500e+02
-1.471418609619140625e+02
-1.409586944580078125e+02
-1.371348114013671875e+02
-1.438193664550781250e+02
-1.500911254882812500e+02
-1.501841125488281250e+02
-1.398742980957031250e+02
-1.623291625976562500e+02
-1.776080322265625000e+02
-1.714210205078125000e+02
1.772195129394531250e+02
-1.647840576171875000e+02
-1.696689147949218750e+02
-1.533694305419921875e+02
-1.546374511718750000e+02
-1.604534606933593750e+02
-1.590655212402343750e+02
-1.477982940673828125e+02
-1.506929321289062500e+02
-1.362141571044921875e+02
-1.614314880371093750e+02
-1.448849029541015625e+02
-1.705094909667968750e+02
-1.504940185546875000e+02
1.790958099365234375e+02
-1.645792694091796875e+02
1.706052856445312500e+02
-1.590136871337890625e+02
-1.767454681396484375e+02
-1.394863739013671875e+02
-1.619461212158203125e+02
-1.777786560058593750e+02
1.724789428710937500e+02
-1.537932434082031250e+02
-1.466427917480468750e+02
-1.355347290039062500e+02
-1.302442474365234375e+02
-1.551365203857421875e+02
-1.541350402832031250e+02
-1.537099609375000000e+02
-1.604793090820312500e+02
-1.761756896972656250e+02
-1.644468841552734375e+02
1.766203613281250000e+02
-1.548493804931640625e+02
-1.651552124023437500e+02
-1.461838226318359375e+02
-1.614554443359375000e+02
-1.620925903320312500e+02
-1.469313659667968750e+02
-1.452409973144531250e+02
-1.264309158325195312e+02
-1.342099456787109375e+02
-1.753042144775390625e+02
-1.633625793457031250e+02
-1.715861816406250000e+02
-1.611126556396484375e+02
-1.796179199218750000e+02
-1.558116607666015625e+02
-1.797331085205078125e+02
-1.537540283203125000e+02
-1.677439880371093750e+02
-1.586748809814453125e+02
-1.624241027832031250e+02
-1.607590026855468750e+02
-1.695187377929687500e+02
-1.449793243408203125e+02
-1.357546234130859375e+02
-1.417874450683593750e+02
-1.435348663330078125e+02
-1.571142272949218750e+02
-1.568920593261718750e+02
-1.507899780273437500e+02
-1.539258880615234375e+02
-1.708514251708984375e+02
-1.644061737060546875e+02
-1.751571655273437500e+02
-1.615442047119140625e+02
-1.742222595214843750e+02
-1.557140655517578125e+02
-1.495747222900390625e+02
-1.565889892578125000e+02
-1.462123260498046875e+02
-1.505469818115234375e+02
-1.446380615234375000e+02
-1.332016601562500000e+02
-1.727911071777343750e+02
-1.738658294677734375e+02
-1.676794891357421875e+02
-1.512955474853515625e+02
-1.681886596679687500e+02
-1.486478424072265625e+02
-1.729801788330078125e+02
-1.798922729492187500e+02
-1.612037353515625000e+02
-1.630778656005859375e+02
-1.554324951171875000e+02
-1.478985748291015625e+02
-1.678360900878906250e+02
-1.597434387207031250e+02
-1.437442321777343750e+02
-1.448960876464843750e+02
-1.499817810058593750e+02
-1.567661437988281250e+02
-1.504682769775390625e+02
-1.435401458740234375e+02
-1.506381072998046875e+02
-1.664167175292968750e+02
-1.707075653076171875e+02
1.664702911376953125e+02
-1.444517059326171875e+02
-1.718118743896484375e+02
-1.346681976318359375e+02
-1.425242767333984375e+02
-1.635143280029296875e+02
-1.679011383056640625e+02
-1.507319793701171875e+02
-1.497634124755859375e+02
-1.562059631347656250e+02
-1.663216857910156250e+02
-1.669721527099609375e+02
-1.543831176757812500e+02
-1.655082244873046875e+02
-1.692570648193359375e+02
-1.740152893066406250e+02
-1.749394226074218750e+02
-1.652150726318359375e+02
-1.478690032958984375e+02
-1.543033752441406250e+02
-1.548240203857421875e+02
-1.669645690917968750e+02
-1.775638275146484375e+02
-1.708227233886718750e+02
-1.434438171386718750e+02
-1.424258728027343750e+02
-1.336462097167968750e+02
-1.515340118408203125e+02
-1.505583496093750000e+02
-1.435315704345703125e+02
-1.473010711669921875e+02
-1.638542480468750000e+02
-1.464564971923828125e+02
-1.792746582031250000e+02
-1.450554656982421875e+02
-1.645816345214843750e+02
-1.675475006103515625e+02
-1.560903625488281250e+02
-1.600779418945312500e+02
-1.727281951904296875e+02
-1.635154266357421875e+02
-1.558589782714843750e+02
-1.406427459716796875e+02
-1.259904327392578125e+02
-1.665078735351562500e+02
-1.636291809082031250e+02
-1.728101501464843750e+02
-1.488681488037109375e+02
-1.655416870117187500e+02
-1.626399688720703125e+02
-1.661182708740234375e+02
-1.603218078613281250e+02
-1.782844085693359375e+02
-1.543764953613281250e+02
-1.646345520019531250e+02
-1.754047546386718750e+02
-1.667531433105468750e+02
-1.408894958496093750e+02
-1.370415649414062500e+02
-1.356264953613281250e+02
-1.455949859619140625e+02
-1.565804595947265625e+02
-1.519878387451171875e+02
-1.466035308837890625e+02
-1.538713989257812500e+02
-1.494320983886718750e+02
-1.704435882568359375e+02
1.764654541015625000e+02
-1.686734466552734375e+02
-1.749034576416015625e+02
-1.679498443603515625e+02
-1.626228942871093750e+02
-1.712320861816406250e+02
-1.550173492431640625e+02
-1.524765472412109375e+02
-1.401162567138671875e+02
-1.257821960449218750e+02
-1.738913116455078125e+02
-1.527893524169921875e+02
-1.606431121826171875e+02
-1.367687225341796875e+02
-1.669842529296875000e+02
-1.519415740966796875e+02
-1.683341674804687500e+02
-1.544609069824218750e+02
-1.674936370849609375e+02
-1.515082092285156250e+02
-1.579546966552734375e+02
-1.658934936523437500e+02
-1.693525543212890625e+02
-1.427592773437500000e+02
-1.394246520996093750e+02
-1.445858917236328125e+02
-1.428052673339843750e+02
-1.474443054199218750e+02
-1.440395050048828125e+02
-1.348808288574218750e+02
-1.592334136962890625e+02
-1.780323486328125000e+02
-1.723411254882812500e+02
1.781427154541015625e+02
-1.721148376464843750e+02
1.732026214599609375e+02
-1.420456695556640625e+02
-1.506645965576171875e+02
-1.701565093994140625e+02
-1.610783691406250000e+02
-1.573766784667968750e+02
-1.534386444091796875e+02
-1.379626922607421875e+02
-1.592550201416015625e+02
-1.485402526855468750e+02
-1.635728912353515625e+02
-1.630733184814453125e+02
-1.779009246826171875e+02
-1.555543975830078125e+02
-1.667684020996093750e+02
-1.608751373291015625e+02
-1.427521362304687500e+02
-1.524521026611328125e+02
-1.551400909423828125e+02
-1.521487426757812500e+02
-1.699576416015625000e+02
-1.549817810058593750e+02
-1.334307556152343750e+02
-1.434470367431640625e+02
-1.183491363525390625e+02
-1.574304809570312500e+02
-1.525297851562500000e+02
-1.498865966796875000e+02
-1.542735900878906250e+02
1.706021575927734375e+02
-1.673696136474609375e+02
1.493729705810546875e+02
-1.618178253173828125e+02
1.699859466552734375e+02
-1.405975799560546875e+02
-1.620643157958984375e+02
-1.628763885498046875e+02
-1.529513702392578125e+02
-1.436757202148437500e+02
-1.376765594482421875e+02
-1.379420623779296875e+02
-1.536026306152343750e+02
-1.704185791015625000e+02
-1.637948303222656250e+02
-1.686624298095703125e+02
-1.706483459472656250e+02
-1.647425994873046875e+02
-1.607093963623046875e+02
-1.595508880615234375e+02
-1.386170806884765625e+02
-1.671220092773437500e+02
-1.540754699707031250e+02
-1.445082092285156250e+02
-1.615637664794921875e+02
-1.516280517578125000e+02
-1.341207580566406250e+02
-1.485643157958984375e+02
-1.355470886230468750e+02
-1.604791259765625000e+02
-1.587114410400390625e+02
-1.582644805908203125e+02
-1.567079772949218750e+02
1.762087402343750000e+02
-1.580877532958984375e+02
1.655791625976562500e+02
-1.675964660644531250e+02
1.653273162841796875e+02
-1.479418640136718750e+02
-1.483996887207031250e+02
-1.541267242431640625e+02
-1.581080169677734375e+02
-1.502524871826171875e+02
-1.505821838378906250e+02
-1.463446502685546875e+02
-1.662593078613281250e+02
-1.648532409667968750e+02
-1.618983764648437500e+02
-1.583280334472656250e+02
-1.719155731201171875e+02
-1.554293518066406250e+02
-1.668381347656250000e+02
-1.595275726318359375e+02
-1.441895294189453125e+02
-1.552540588378906250e+02
-1.490334930419921875e+02
-1.467886657714843750e+02
-1.722241058349609375e+02
-1.604866638183593750e+02
-1.392570953369140625e+02
-1.468403472900390625e+02
-1.525942230224609375e+02
-1.677368927001953125e+02
-1.505808410644531250e+02
-1.476870574951171875e+02
-1.514912414550781250e+02
1.730004119873046875e+02
1.778480529785156250e+02
1.590720825195312500e+02
-1.595483093261718750e+02
1.775483398437500000e+02
-1.403286285400390625e+02
-1.572181243896484375e+02
-1.698605957031250000e+02
-1.665001678466796875e+02
-1.523535766601562500e+02
-1.452584533691406250e+02
-1.448271179199218750e+02
-1.661486358642578125e+02
-1.601970214843750000e+02
-1.544598236083984375e+02
-1.514823913574218750e+02
-1.718454437255859375e+02
-1.387400360107421875e+02
-1.669564056396484375e+02
-1.464231872558593750e+02
-1.420420074462890625e+02
-1.611657867431640625e+02
-1.586933288574218750e+02
-1.745701141357421875e+02
-1.785057220458984375e+02
-1.548041839599609375e+02
-1.478981475830078125e+02
-1.305631866455078125e+02
-1.339743041992187500e+02
-1.555526580810546875e+02
-1.533977508544921875e+02
-1.562180328369140625e+02
-1.511481628417968750e+02
-1.710921325683593750e+02
-1.654684600830078125e+02
-1.703577728271484375e+02
-1.673259277343750000e+02
-1.768960876464843750e+02
-1.590486755371093750e+02
-1.656069335937500000e+02
-1.657835998535156250e+02
-1.621353454589843750e+02
-1.458101043701171875e+02
