1.019463424682617188e+02
1.254650573730468750e+02
1.327678680419921875e+02
1.198047180175781250e+02
1.240002288818359375e+02
1.192437133789062500e+02
1.076961212158203125e+02
1.003997344970703125e+02
1.227784194946289062e+02
1.178158187866210938e+02
1.108976364135742188e+02
1.131128463745117188e+02
1.207369308471679688e+02
1.186549224853515625e+02
1.231653213500976562e+02
1.218931274414062500e+02
8.374658203125000000e+01
1.213296508789062500e+02
1.270140609741210938e+02
1.260868911743164062e+02
1.301710052490234375e+02
1.228124008178710938e+02
1.228682708740234375e+02
1.224090957641601562e+02
1.094367752075195312e+02
1.299930877685546875e+02
1.255249862670898438e+02
1.227825317382812500e+02
1.297888031005859375e+02
1.321478881835937500e+02
1.302421264648437500e+02
1.346313934326171875e+02
1.178518981933593750e+02
1.144459838867187500e+02
1.205934829711914062e+02
1.233946609497070312e+02
1.218590164184570312e+02
1.236549758911132812e+02
1.137850341796875000e+02
1.102609405517578125e+02
1.087311706542968750e+02
1.231731338500976562e+02
1.154300918579101562e+02
1.102214279174804688e+02
1.167957992553710938e+02
1.214695205688476562e+02
1.197184906005859375e+02
1.262181243896484375e+02
1.249392700195312500e+02
8.800711822509765625e+01
1.278150939941406250e+02
1.320934906005859375e+02
1.197810287475585938e+02
1.328843536376953125e+02
1.215724945068359375e+02
1.247220458984375000e+02
1.355182495117187500e+02
1.162208709716796875e+02
1.303878173828125000e+02
1.269860839843750000e+02
1.194567565917968750e+02
1.342998046875000000e+02
1.281939239501953125e+02
1.308393554687500000e+02
1.290928955078125000e+02
9.634819793701171875e+01
1.205853805541992188e+02
1.205017471313476562e+02
1.154379196166992188e+02
1.216305923461914062e+02
1.213347473144531250e+02
1.075140533447265625e+02
1.170546646118164062e+02
1.114905548095703125e+02
1.208674545288085938e+02
1.144716033935546875e+02
1.101910095214843750e+02
1.228670730590820312e+02
1.257041244506835938e+02
1.205553665161132812e+02
1.281259918212890625e+02
1.279144439697265625e+02
1.017805938720703125e+02
1.300947113037109375e+02
1.373798370361328125e+02
1.251083068847656250e+02
1.333499450683593750e+02
1.230157928466796875e+02
1.274338455200195312e+02
1.314087677001953125e+02
1.179025192260742188e+02
1.309804840087890625e+02
1.258707580566406250e+02
1.197470550537109375e+02
1.329616394042968750e+02
1.236855239868164062e+02
1.275187988281250000e+02
1.212066497802734375e+02
9.277244567871093750e+01
1.195297622680664062e+02
1.199629974365234375e+02
1.086405563354492188e+02
1.208843536376953125e+02
1.204829559326171875e+02
1.071968688964843750e+02
1.171255187988281250e+02
1.147765731811523438e+02
1.217198486328125000e+02
1.150804138183593750e+02
1.131950912475585938e+02
1.254263992309570312e+02
1.253814315795898438e+02
1.288064575195312500e+02
1.295291595458984375e+02
1.236573791503906250e+02
1.092672958374023438e+02
1.326196746826171875e+02
1.397342529296875000e+02
1.299153442382812500e+02
1.336081390380859375e+02
1.243802719116210938e+02
1.284704284667968750e+02
1.306047515869140625e+02
1.179627761840820312e+02
1.299983978271484375e+02
1.230345077514648438e+02
1.184589385986328125e+02
1.311308441162109375e+02
1.231299819946289062e+02
1.228232192993164062e+02
1.171117324829101562e+02
8.965644836425781250e+01
1.171921310424804688e+02
1.155472259521484375e+02
1.088500823974609375e+02
1.170193405151367188e+02
1.174048309326171875e+02
1.106860580444335938e+02
1.150927886962890625e+02
1.151358413696289062e+02
1.235606918334960938e+02
1.163823547363281250e+02
1.146888732910156250e+02
1.279807281494140625e+02
1.289991607666015625e+02
1.302216339111328125e+02
1.303088989257812500e+02
1.229754943847656250e+02
1.116502227783203125e+02
1.320730743408203125e+02
1.398097076416015625e+02
1.304472656250000000e+02
1.325350189208984375e+02
1.243149871826171875e+02
1.268575134277343750e+02
1.266521606445312500e+02
1.176172790527343750e+02
1.287239379882812500e+02
1.214875488281250000e+02
1.174185791015625000e+02
1.295549774169921875e+02
1.186016311645507812e+02
1.192997589111328125e+02
1.135637664794921875e+02
8.491399383544921875e+01
1.142323303222656250e+02
1.134272232055664062e+02
1.068398590087890625e+02
1.167533798217773438e+02
1.175703125000000000e+02
1.087358016967773438e+02
1.167357101440429688e+02
1.186971893310546875e+02
1.257943649291992188e+02
1.196689987182617188e+02
1.167639160156250000e+02
1.277160949707031250e+02
1.326087341308593750e+02
1.315286712646484375e+02
1.313467407226562500e+02
1.238216323852539062e+02
1.136094741821289062e+02
1.323544769287109375e+02
1.407364654541015625e+02
1.310115203857421875e+02
1.318439025878906250e+02
1.248494644165039062e+02
1.266047821044921875e+02
1.240550613403320312e+02
1.161051406860351562e+02
1.255213012695312500e+02
1.192723693847656250e+02
1.126626129150390625e+02
1.286686401367187500e+02
1.148115844726562500e+02
1.166537322998046875e+02
1.123267059326171875e+02
8.225872802734375000e+01
1.125683517456054688e+02
1.151896133422851562e+02
1.059852905273437500e+02
1.165601577758789062e+02
1.197726974487304688e+02
1.135925750732421875e+02
1.150976257324218750e+02
1.232839355468750000e+02
1.273056182861328125e+02
1.216187286376953125e+02
1.202227096557617188e+02
1.323012542724609375e+02
1.338300170898437500e+02
1.344250793457031250e+02
1.337754516601562500e+02
1.210958709716796875e+02
1.182822113037109375e+02
1.346527709960937500e+02
1.405720977783203125e+02
1.295862579345703125e+02
1.337055664062500000e+02
1.243264236450195312e+02
1.211591186523437500e+02
1.172501983642578125e+02
1.142667388916015625e+02
1.233828506469726562e+02
1.160660095214843750e+02
1.125689544677734375e+02
1.248697357177734375e+02
1.119070739746093750e+02
1.139723892211914062e+02
1.128193893432617188e+02
7.706385040283203125e+01
1.136206207275390625e+02
1.165471420288085938e+02
1.044936370849609375e+02
1.187087707519531250e+02
1.174725646972656250e+02
1.157451782226562500e+02
1.136195983886718750e+02
1.279929122924804688e+02
1.292525787353515625e+02
1.242505645751953125e+02
1.247242584228515625e+02
1.340110931396484375e+02
1.327661132812500000e+02
1.363723449707031250e+02
1.387963867187500000e+02
1.151377563476562500e+02
1.243230514526367188e+02
1.360903167724609375e+02
1.361813049316406250e+02
1.332989044189453125e+02
1.311724243164062500e+02
1.234767761230468750e+02
1.164860610961914062e+02
1.034294586181640625e+02
1.151149444580078125e+02
1.199908218383789062e+02
1.099109725952148438e+02
1.100352325439453125e+02
1.219669113159179688e+02
1.102713623046875000e+02
1.100753555297851562e+02
1.139275054931640625e+02
8.388272094726562500e+01
1.095217208862304688e+02
1.207963790893554688e+02
1.144091033935546875e+02
1.224089050292968750e+02
1.193907241821289062e+02
1.128817367553710938e+02
1.112460556030273438e+02
1.353340759277343750e+02
1.298940734863281250e+02
1.266696853637695312e+02
1.301652221679687500e+02
1.362075805664062500e+02
1.288827514648437500e+02
1.367588348388671875e+02
1.320756378173828125e+02
9.459508514404296875e+01
1.306379852294921875e+02
1.346818542480468750e+02
1.331914062500000000e+02
1.340337677001953125e+02
1.236904754638671875e+02
1.211711654663085938e+02
1.178821029663085938e+02
9.816297912597656250e+01
1.164909515380859375e+02
1.121163330078125000e+02
1.058573913574218750e+02
1.102459106445312500e+02
1.142760620117187500e+02
1.112628479003906250e+02
1.154724502563476562e+02
1.012789459228515625e+02
1.013283004760742188e+02
1.109340667724609375e+02
1.194375534057617188e+02
1.227005538940429688e+02
1.266031188964843750e+02
1.203395233154296875e+02
1.229947128295898438e+02
1.230582046508789062e+02
1.372387390136718750e+02
1.300858612060546875e+02
1.270741424560546875e+02
1.332518615722656250e+02
1.361352539062500000e+02
1.289608917236328125e+02
1.352005157470703125e+02
1.337535858154296875e+02
1.011620559692382812e+02
1.315711669921875000e+02
1.362525329589843750e+02
1.225859680175781250e+02
1.291037139892578125e+02
1.161772003173828125e+02
1.170314102172851562e+02
1.223047866821289062e+02
1.045671005249023438e+02
1.178125686645507812e+02
1.099727859497070312e+02
1.041260070800781250e+02
1.182430038452148438e+02
1.091651763916015625e+02
1.124380645751953125e+02
1.096917495727539062e+02
8.215510559082031250e+01
1.174330520629882812e+02
1.229724731445312500e+02
1.132100830078125000e+02
1.267077560424804688e+02
1.255697631835937500e+02
1.252169876098632812e+02
1.224706497192382812e+02
1.351851806640625000e+02
1.342060546875000000e+02
1.294407196044921875e+02
1.282050018310546875e+02
1.353309173583984375e+02
1.329059143066406250e+02
1.375908355712890625e+02
1.378311462402343750e+02
1.108132705688476562e+02
1.239270935058593750e+02
1.315939636230468750e+02
1.319400177001953125e+02
1.286614837646484375e+02
1.214219970703125000e+02
1.172569580078125000e+02
1.095209960937500000e+02
9.357225036621093750e+01
1.120810928344726562e+02
1.096039428710937500e+02
1.048682937622070312e+02
1.092001647949218750e+02
1.163848648071289062e+02
1.109777526855468750e+02
1.155645599365234375e+02
1.045120544433593750e+02
1.026829757690429688e+02
1.171912002563476562e+02
1.259595489501953125e+02
1.270808181762695312e+02
1.322930297851562500e+02
1.247093811035156250e+02
1.267611236572265625e+02
1.257970581054687500e+02
1.396067199707031250e+02
1.336817321777343750e+02
1.255626373291015625e+02
1.333427581787109375e+02
1.362642974853515625e+02
1.280694732666015625e+02
1.340289154052734375e+02
1.325410003662109375e+02
9.836368560791015625e+01
1.305059967041015625e+02
1.350077362060546875e+02
1.190534210205078125e+02
1.237976074218750000e+02
1.106109161376953125e+02
1.124815063476562500e+02
1.122641296386718750e+02
1.036449737548828125e+02
1.143406829833984375e+02
1.087996368408203125e+02
1.061454086303710938e+02
1.223728103637695312e+02
1.093218536376953125e+02
1.162580718994140625e+02
1.192804565429687500e+02
8.869355773925781250e+01
1.220490036010742188e+02
1.313585968017578125e+02
1.191632232666015625e+02
1.317467803955078125e+02
1.267371826171875000e+02
1.225579681396484375e+02
1.162482070922851562e+02
1.408785705566406250e+02
1.348013763427734375e+02
1.300881195068359375e+02
1.299533843994140625e+02
1.373265075683593750e+02
1.281188659667968750e+02
1.355805969238281250e+02
1.261476516723632812e+02
9.638024139404296875e+01
1.272346496582031250e+02
1.289109039306640625e+02
1.173311920166015625e+02
1.249719467163085938e+02
1.106830291748046875e+02
1.091231536865234375e+02
1.171753082275390625e+02
9.615818023681640625e+01
1.148566284179687500e+02
1.104501342773437500e+02
1.042178039550781250e+02
1.216440582275390625e+02
1.138003540039062500e+02
1.197397460937500000e+02
1.185983123779296875e+02
9.412662506103515625e+01
1.242432632446289062e+02
1.286410980224609375e+02
1.199140243530273438e+02
1.316855621337890625e+02
1.315164184570312500e+02
1.270391006469726562e+02
1.242617950439453125e+02
1.384921112060546875e+02
1.368813476562500000e+02
1.292910308837890625e+02
1.283012084960937500e+02
1.355670776367187500e+02
1.308104705810546875e+02
1.348333435058593750e+02
1.331302337646484375e+02
1.010618896484375000e+02
1.223729324340820312e+02
1.246725082397460938e+02
1.247931137084960938e+02
1.216092529296875000e+02
1.138940048217773438e+02
1.128718490600585938e+02
1.095286026000976562e+02
9.059999847412109375e+01
1.119404449462890625e+02
1.098024978637695312e+02
1.061683425903320312e+02
1.164670181274414062e+02
1.180960769653320312e+02
1.207083663940429688e+02
1.255705718994140625e+02
1.073170852661132812e+02
1.223010406494140625e+02
1.255066375732421875e+02
1.262169265747070312e+02
1.334515838623046875e+02
1.350128173828125000e+02
1.255653686523437500e+02
1.344752044677734375e+02
1.327554321289062500e+02
1.381642303466796875e+02
1.297056427001953125e+02
1.250658187866210938e+02
1.335511322021484375e+02
1.326083526611328125e+02
1.314763946533203125e+02
1.272606048583984375e+02
1.147087097167968750e+02
1.119750976562500000e+02
1.219301605224609375e+02
1.249201889038085938e+02
1.176860733032226562e+02
1.167477035522460938e+02
1.094957427978515625e+02
1.051380310058593750e+02
9.112539672851562500e+01
1.077623977661132812e+02
1.134429397583007812e+02
1.072388153076171875e+02
1.126131515502929688e+02
1.258945541381835938e+02
1.168146209716796875e+02
1.216919784545898438e+02
1.166758575439453125e+02
1.102389068603515625e+02
1.221290054321289062e+02
1.323387756347656250e+02
1.325204772949218750e+02
1.376104583740234375e+02
1.274398574829101562e+02
1.299120025634765625e+02
1.261285705566406250e+02
1.402938385009765625e+02
1.324619598388671875e+02
1.252019348144531250e+02
1.315136718750000000e+02
1.337772369384765625e+02
1.252179107666015625e+02
1.267790374755859375e+02
1.253576736450195312e+02
9.560110473632812500e+01
1.208476333618164062e+02
1.250409469604492188e+02
1.128574066162109375e+02
1.167378234863281250e+02
1.063767089843750000e+02
1.091625671386718750e+02
1.059839706420898438e+02
1.043869094848632812e+02
1.162406921386718750e+02
1.115042037963867188e+02
1.106742401123046875e+02
1.289266357421875000e+02
1.169424819946289062e+02
1.217072906494140625e+02
1.263019027709960938e+02
9.830080413818359375e+01
1.247483825683593750e+02
1.368638458251953125e+02
1.284155120849609375e+02
1.345825958251953125e+02
1.304105834960937500e+02
1.236295776367187500e+02
1.213027420043945312e+02
1.404901733398437500e+02
1.344511566162109375e+02
1.292677307128906250e+02
1.278414993286132812e+02
1.338482818603515625e+02
1.234081726074218750e+02
1.287664947509765625e+02
1.200942916870117188e+02
8.057479095458984375e+01
1.203674697875976562e+02
1.198257522583007812e+02
1.090619354248046875e+02
1.197602005004882812e+02
1.073112945556640625e+02
1.098158416748046875e+02
1.193779678344726562e+02
1.007791900634765625e+02
1.187371826171875000e+02
1.140099868774414062e+02
1.111983413696289062e+02
1.280658874511718750e+02
1.177224121093750000e+02
1.257908859252929688e+02
1.235108566284179688e+02
9.476808166503906250e+01
1.306340026855468750e+02
1.326079711914062500e+02
1.220249099731445312e+02
1.355801849365234375e+02
1.326801910400390625e+02
1.312276916503906250e+02
1.236843719482421875e+02
1.390711364746093750e+02
1.358563842773437500e+02
1.272213439941406250e+02
1.264536209106445312e+02
1.305215148925781250e+02
1.247318115234375000e+02
1.298655853271484375e+02
1.271806259155273438e+02
7.762226104736328125e+01
1.156780242919921875e+02
1.186190872192382812e+02
1.187712020874023438e+02
1.189039764404296875e+02
1.133416442871093750e+02
1.107380294799804688e+02
1.138211364746093750e+02
9.690171051025390625e+01
1.182704086303710938e+02
1.137484283447265625e+02
1.124620513916015625e+02
1.234608612060546875e+02
1.232216949462890625e+02
1.264977798461914062e+02
1.307852630615234375e+02
1.010397338867187500e+02
1.258058395385742188e+02
1.294810943603515625e+02
1.285744628906250000e+02
1.346130828857421875e+02
1.388574218750000000e+02
1.266746292114257812e+02
1.348778381347656250e+02
1.325998535156250000e+02
1.381787567138671875e+02
1.273628768920898438e+02
1.225719528198242188e+02
1.308965454101562500e+02
1.272853012084960938e+02
1.268927459716796875e+02
1.243199615478515625e+02
1.063667907714843750e+02
1.034423522949218750e+02
1.179210052490234375e+02
1.211336822509765625e+02
1.162492218017578125e+02
1.185579986572265625e+02
1.114581527709960938e+02
1.076397018432617188e+02
9.632033538818359375e+01
1.131100463867187500e+02
1.163088302612304688e+02
1.114184036254882812e+02
1.180439758300781250e+02
1.289584808349609375e+02
1.196222915649414062e+02
1.234303283691406250e+02
1.232879486083984375e+02
1.105310363769531250e+02
1.260112838745117188e+02
1.366662902832031250e+02
1.307561798095703125e+02
1.403615417480468750e+02
1.324744567871093750e+02
1.246336975097656250e+02
1.233308944702148438e+02
1.400279998779296875e+02
1.308286132812500000e+02
1.226389541625976562e+02
1.258260345458984375e+02
1.280244598388671875e+02
1.212541122436523438e+02
1.226365966796875000e+02
1.187632751464843750e+02
8.233625030517578125e+01
1.184695816040039062e+02
1.223468475341796875e+02
1.115049667358398438e+02
1.206413192749023438e+02
1.079796981811523438e+02
1.130940093994140625e+02
1.207936706542968750e+02
1.056051940917968750e+02
1.199659118652343750e+02
1.159341125488281250e+02
1.120878601074218750e+02
1.300179595947265625e+02
1.192210617065429688e+02
1.259881515502929688e+02
1.260398559570312500e+02
9.735515594482421875e+01
1.330208129882812500e+02
1.355248107910156250e+02
1.234656600952148438e+02
1.379747314453125000e+02
1.326416473388671875e+02
1.295438842773437500e+02
1.221651458740234375e+02
1.370825653076171875e+02
1.324206695556640625e+02
1.240373992919921875e+02
1.204385833740234375e+02
1.273601608276367188e+02
1.239384536743164062e+02
1.240098190307617188e+02
1.241741790771484375e+02
8.324983978271484375e+01
1.152478485107421875e+02
1.205780334472656250e+02
1.231228790283203125e+02
1.216099090576171875e+02
1.143664550781250000e+02
1.127919540405273438e+02
1.117987823486328125e+02
9.419757080078125000e+01
1.163768615722656250e+02
1.153147659301757812e+02
1.101087646484375000e+02
1.198942871093750000e+02
1.259024734497070312e+02
1.249800338745117188e+02
1.319481353759765625e+02
1.191905899047851562e+02
1.221019287109375000e+02
1.304562530517578125e+02
1.333873138427734375e+02
1.371230468750000000e+02
1.367658843994140625e+02
1.267935714721679688e+02
1.307145538330078125e+02
1.261809997558593750e+02
1.372335510253906250e+02
1.286751708984375000e+02
1.201379776000976562e+02
1.288535003662109375e+02
1.278547515869140625e+02
1.178358078002929688e+02
1.215299682617187500e+02
1.200047454833984375e+02
9.212218475341796875e+01
1.190155563354492188e+02
1.267311859130859375e+02
1.150138015747070312e+02
1.198177185058593750e+02
1.103797073364257812e+02
1.131540756225585938e+02
1.145484619140625000e+02
1.086265716552734375e+02
1.212783966064453125e+02
1.160943908691406250e+02
1.172798538208007812e+02
1.321366424560546875e+02
1.183605651855468750e+02
1.282940368652343750e+02
1.298571472167968750e+02
9.772534179687500000e+01
1.328854980468750000e+02
1.373544769287109375e+02
1.247483825683593750e+02
1.354007110595703125e+02
1.296598205566406250e+02
1.266224746704101562e+02
1.187055740356445312e+02
1.353140411376953125e+02
1.303809509277343750e+02
1.206560287475585938e+02
1.208509902954101562e+02
1.265863265991210938e+02
1.212843551635742188e+02
1.249973373413085938e+02
1.239534835815429688e+02
8.203234100341796875e+01
1.162874145507812500e+02
1.224770965576171875e+02
1.225837860107421875e+02
1.221260528564453125e+02
1.158583831787109375e+02
1.145409393310546875e+02
1.119514541625976562e+02
9.649010467529296875e+01
1.178113098144531250e+02
1.177740173339843750e+02
1.166059722900390625e+02
1.207618179321289062e+02
1.268958435058593750e+02
1.262348709106445312e+02
1.294597473144531250e+02
1.182858428955078125e+02
1.174718933105468750e+02
1.290281829833984375e+02
1.342633514404296875e+02
1.341437683105468750e+02
1.348107757568359375e+02
1.283561401367187500e+02
1.239628829956054688e+02
1.205699996948242188e+02
1.351531829833984375e+02
1.261962127685546875e+02
1.192246017456054688e+02
1.234598922729492188e+02
1.225165176391601562e+02
1.187516937255859375e+02
1.207369003295898438e+02
1.196431961059570312e+02
8.377444458007812500e+01
1.219437026977539062e+02
1.240270538330078125e+02
1.114741973876953125e+02
1.227034606933593750e+02
1.099586181640625000e+02
1.140708541870117188e+02
1.235846557617187500e+02
1.064023590087890625e+02
1.212199707031250000e+02
1.186334609985351562e+02
1.143074111938476562e+02
1.294723205566406250e+02
1.228031997680664062e+02
1.279766845703125000e+02
1.267721252441406250e+02
1.030000152587890625e+02
1.318424682617187500e+02
1.342319641113281250e+02
1.248324050903320312e+02
1.346413574218750000e+02
1.339816131591796875e+02
1.238723220825195312e+02
1.279796295166015625e+02
1.284403228759765625e+02
1.303542633056640625e+02
1.231447296142578125e+02
1.163497619628906250e+02
1.229674911499023438e+02
1.230333709716796875e+02
1.221356658935546875e+02
1.220859985351562500e+02
1.101016082763671875e+02
1.068407897949218750e+02
1.226646652221679688e+02
1.274725036621093750e+02
1.201634674072265625e+02
1.217396240234375000e+02
1.133713912963867188e+02
1.127414627075195312e+02
1.059027175903320312e+02
1.119114074707031250e+02
1.227581710815429688e+02
1.169592285156250000e+02
1.170342788696289062e+02
1.345113677978515625e+02
1.220184860229492188e+02
1.289875488281250000e+02
1.325223541259765625e+02
1.000271911621093750e+02
1.318073577880859375e+02
1.369632873535156250e+02
1.227439651489257812e+02
1.330969543457031250e+02
1.276208877563476562e+02
1.230784225463867188e+02
1.156806488037109375e+02
1.305183563232421875e+02
1.278830566406250000e+02
1.180334014892578125e+02
1.152356185913085938e+02
1.228310394287109375e+02
1.212586059570312500e+02
1.254580383300781250e+02
1.271420211791992188e+02
9.791098785400390625e+01
1.168640441894531250e+02
1.237575683593750000e+02
1.257520599365234375e+02
1.249646606445312500e+02
1.210074996948242188e+02
1.172307434082031250e+02
1.122274780273437500e+02
9.827651214599609375e+01
1.163978729248046875e+02
1.194639205932617188e+02
1.145108642578125000e+02
1.206973419189453125e+02
1.336070861816406250e+02
1.246940689086914062e+02
1.253441925048828125e+02
1.274351882934570312e+02
1.113464050292968750e+02
1.262253265380859375e+02
1.366225280761718750e+02
1.263162231445312500e+02
1.324804992675781250e+02
1.249678344726562500e+02
1.153298492431640625e+02
1.123664932250976562e+02
1.303634338378906250e+02
1.241336898803710938e+02
1.202108917236328125e+02
1.176479187011718750e+02
1.248641662597656250e+02
1.190181503295898438e+02
1.250655593872070312e+02
1.202419738769531250e+02
8.403219604492187500e+01
1.205998611450195312e+02
1.250966949462890625e+02
1.238010482788085938e+02
1.269905395507812500e+02
1.161873550415039062e+02
1.177642364501953125e+02
1.162695999145507812e+02
9.928902435302734375e+01
1.203156661987304688e+02
1.193535919189453125e+02
1.141036071777343750e+02
1.236593780517578125e+02
1.301905059814453125e+02
1.275401535034179688e+02
1.282267913818359375e+02
1.214369964599609375e+02
1.136564712524414062e+02
1.240081939697265625e+02
1.329863433837890625e+02
1.279911499023437500e+02
1.302028198242187500e+02
1.254248809814453125e+02
1.124793395996093750e+02
1.127120437622070312e+02
1.304288635253906250e+02
1.240170822143554688e+02
1.163304748535156250e+02
1.198083801269531250e+02
1.265077514648437500e+02
1.205919647216796875e+02
1.265998687744140625e+02
1.215055389404296875e+02
8.809202575683593750e+01
1.230565948486328125e+02
1.267979583740234375e+02
1.216871948242187500e+02
1.259266433715820312e+02
1.171327209472656250e+02
1.155662002563476562e+02
1.189752578735351562e+02
1.020127258300781250e+02
1.220427246093750000e+02
1.186601409912109375e+02
1.172338867187500000e+02
1.259930343627929688e+02
1.291233520507812500e+02
1.296152648925781250e+02
1.322193450927734375e+02
1.184337081909179688e+02
1.147773818969726562e+02
1.227642211914062500e+02
1.278229217529296875e+02
1.275923614501953125e+02
1.285851593017578125e+02
1.222439575195312500e+02
1.135640487670898438e+02
1.120289154052734375e+02
1.297463226318359375e+02
1.226681747436523438e+02
1.177802734375000000e+02
1.222433700561523438e+02
1.275486221313476562e+02
1.232865142822265625e+02
1.284724121093750000e+02
1.220918197631835938e+02
8.555644226074218750e+01
1.251287536621093750e+02
1.286889953613281250e+02
1.201569213867187500e+02
1.264451599121093750e+02
1.161149673461914062e+02
1.161704025268554688e+02
1.212961807250976562e+02
1.029154663085937500e+02
1.237077178955078125e+02
1.200114517211914062e+02
1.174638214111328125e+02
1.277295532226562500e+02
1.268738403320312500e+02
1.256507568359375000e+02
1.331676025390625000e+02
1.166795196533203125e+02
1.140226135253906250e+02
1.204864501953125000e+02
1.253359909057617188e+02
1.248172302246093750e+02
1.279422836303710938e+02
1.212480163574218750e+02
1.146213912963867188e+02
1.128393478393554688e+02
1.309868011474609375e+02
1.238163757324218750e+02
1.185722198486328125e+02
1.232976989746093750e+02
1.291611938476562500e+02
1.232117385864257812e+02
1.321784667968750000e+02
1.231698379516601562e+02
8.794880676269531250e+01
1.268660354614257812e+02
1.288270721435546875e+02
1.183273086547851562e+02
1.297294006347656250e+02
1.161181106567382812e+02
1.132293701171875000e+02
1.240286026000976562e+02
1.040682067871093750e+02
1.220867080688476562e+02
1.209858779907226562e+02
1.173552703857421875e+02
1.260636825561523438e+02
1.271696548461914062e+02
1.264337387084960938e+02
1.290410308837890625e+02
1.132605514526367188e+02
1.093514022827148438e+02
1.184432983398437500e+02
1.237597198486328125e+02
1.235376892089843750e+02
1.265277786254882812e+02
1.207650985717773438e+02
1.164618988037109375e+02
1.136631088256835938e+02
1.316535034179687500e+02
1.268277359008789062e+02
1.210192565917968750e+02
1.258919830322265625e+02
1.333067474365234375e+02
1.275189208984375000e+02
1.321681823730468750e+02
1.229968338012695312e+02
9.305029296875000000e+01
1.264973449707031250e+02
1.299784393310546875e+02
1.224710006713867188e+02
1.288061370849609375e+02
