7.440402221679687500e+01
9.374602508544921875e+01
1.161221542358398438e+02
1.007179107666015625e+02
7.961080932617187500e+01
9.968302154541015625e+01
7.528421020507812500e+01
8.179601287841796875e+01
7.427286529541015625e+01
8.813681030273437500e+01
8.555303192138671875e+01
9.711888885498046875e+01
1.000809783935546875e+02
8.518077087402343750e+01
7.974189758300781250e+01
9.258679199218750000e+01
7.756116485595703125e+01
8.312866973876953125e+01
7.416184234619140625e+01
8.853665924072265625e+01
7.368129730224609375e+01
7.964820861816406250e+01
7.591281127929687500e+01
7.051921844482421875e+01
9.001667022705078125e+01
8.276403045654296875e+01
9.968524169921875000e+01
7.653980255126953125e+01
1.054066390991210938e+02
8.245225524902343750e+01
8.059388732910156250e+01
7.755287933349609375e+01
1.197559738159179688e+02
7.589813995361328125e+01
9.371910095214843750e+01
1.141915588378906250e+02
9.576782989501953125e+01
7.765796661376953125e+01
8.870887756347656250e+01
7.216886138916015625e+01
8.159338378906250000e+01
7.850952911376953125e+01
8.628378295898437500e+01
8.317971038818359375e+01
9.852053070068359375e+01
9.977883148193359375e+01
8.348616790771484375e+01
8.000468444824218750e+01
9.474110412597656250e+01
7.621771240234375000e+01
8.109291839599609375e+01
7.644220733642578125e+01
9.313220214843750000e+01
6.905342102050781250e+01
8.296158599853515625e+01
8.442866516113281250e+01
7.749971771240234375e+01
9.465890502929687500e+01
8.156166076660156250e+01
9.949202728271484375e+01
8.130037689208984375e+01
1.086110916137695312e+02
8.662277984619140625e+01
7.910195159912109375e+01
7.622045135498046875e+01
1.148293838500976562e+02
7.195569610595703125e+01
9.037033081054687500e+01
1.069112625122070312e+02
9.170817565917968750e+01
7.286325836181640625e+01
8.726572418212890625e+01
6.837152862548828125e+01
7.586846923828125000e+01
7.714842224121093750e+01
8.669319152832031250e+01
8.326584625244140625e+01
9.752171325683593750e+01
9.999081420898437500e+01
8.621203613281250000e+01
8.075298309326171875e+01
9.224417877197265625e+01
7.860948944091796875e+01
8.431584930419921875e+01
7.846038818359375000e+01
9.449629974365234375e+01
8.102536010742187500e+01
8.665510559082031250e+01
8.736515045166015625e+01
7.893399810791015625e+01
9.618681335449218750e+01
8.763392639160156250e+01
1.088586196899414062e+02
7.582505798339843750e+01
1.085474472045898438e+02
8.002319335937500000e+01
7.549435424804687500e+01
7.919782257080078125e+01
1.031663665771484375e+02
5.723506546020507812e+01
8.252684020996093750e+01
1.026652908325195312e+02
8.854001617431640625e+01
6.789177703857421875e+01
8.623687744140625000e+01
6.441976928710937500e+01
7.444619750976562500e+01
7.779754638671875000e+01
8.318019104003906250e+01
8.215206146240234375e+01
8.735591125488281250e+01
9.234258270263671875e+01
9.357863616943359375e+01
8.663926696777343750e+01
8.732044982910156250e+01
1.008021697998046875e+02
9.127490997314453125e+01
8.657473754882812500e+01
9.935699462890625000e+01
8.605358123779296875e+01
8.702759552001953125e+01
9.545660400390625000e+01
8.030796813964843750e+01
9.353045654296875000e+01
8.829920959472656250e+01
1.030171966552734375e+02
6.775865936279296875e+01
1.082508773803710938e+02
7.391196441650390625e+01
6.898176574707031250e+01
7.463926696777343750e+01
9.873224639892578125e+01
5.905812454223632812e+01
7.727001953125000000e+01
9.689530181884765625e+01
8.635549163818359375e+01
7.231182861328125000e+01
8.526578521728515625e+01
6.623745727539062500e+01
7.233972167968750000e+01
8.110974884033203125e+01
8.054840087890625000e+01
8.634723663330078125e+01
9.027175903320312500e+01
9.783448791503906250e+01
9.656877136230468750e+01
8.957369995117187500e+01
8.731272125244140625e+01
1.147075119018554688e+02
8.264318847656250000e+01
9.015502166748046875e+01
1.012146301269531250e+02
9.433448028564453125e+01
8.975929260253906250e+01
9.480986785888671875e+01
7.739815521240234375e+01
8.711901855468750000e+01
8.767533874511718750e+01
9.637223052978515625e+01
6.530541229248046875e+01
1.018594665527343750e+02
6.879561614990234375e+01
6.673963928222656250e+01
6.940538787841796875e+01
9.035646820068359375e+01
5.658340454101562500e+01
7.936267852783203125e+01
9.513220214843750000e+01
9.232514953613281250e+01
7.280809783935546875e+01
8.576770782470703125e+01
6.643392944335937500e+01
7.304160308837890625e+01
8.143104553222656250e+01
7.769768524169921875e+01
8.400666809082031250e+01
8.565782165527343750e+01
1.059190063476562500e+02
9.928321075439453125e+01
9.189156341552734375e+01
8.878695678710937500e+01
1.163476181030273438e+02
9.008113098144531250e+01
9.225436401367187500e+01
9.884062194824218750e+01
8.923418426513671875e+01
8.079956054687500000e+01
9.139999389648437500e+01
7.072932434082031250e+01
7.903095245361328125e+01
7.925718688964843750e+01
9.754493713378906250e+01
6.424636077880859375e+01
9.835231018066406250e+01
6.695263671875000000e+01
6.302663803100585938e+01
6.754110717773437500e+01
9.443996429443359375e+01
5.766590881347656250e+01
7.778733062744140625e+01
9.672766876220703125e+01
9.046865081787109375e+01
6.761952972412109375e+01
9.019273376464843750e+01
7.216822814941406250e+01
8.218703460693359375e+01
8.829136657714843750e+01
9.449979400634765625e+01
9.028136444091796875e+01
9.771912384033203125e+01
1.089041900634765625e+02
1.035114669799804688e+02
9.569083404541015625e+01
9.425881195068359375e+01
1.040217208862304688e+02
9.041178894042968750e+01
8.409744262695312500e+01
9.844558715820312500e+01
8.412989807128906250e+01
7.857597351074218750e+01
8.088349151611328125e+01
6.843414306640625000e+01
8.496645355224609375e+01
7.524114990234375000e+01
9.247127532958984375e+01
6.015535354614257812e+01
9.552552795410156250e+01
7.067267608642578125e+01
6.239414596557617188e+01
6.638018798828125000e+01
1.022420272827148438e+02
5.912171554565429688e+01
8.758480072021484375e+01
1.050041427612304688e+02
9.206386566162109375e+01
7.406942749023437500e+01
9.689754486083984375e+01
8.058925628662109375e+01
9.068492889404296875e+01
8.917369842529296875e+01
9.725106048583984375e+01
8.896712493896484375e+01
1.121856231689453125e+02
1.119019393920898438e+02
9.779028320312500000e+01
9.043466186523437500e+01
1.057221603393554688e+02
8.204090881347656250e+01
8.345034790039062500e+01
7.650117492675781250e+01
8.860256958007812500e+01
7.163346099853515625e+01
8.047568511962890625e+01
7.265081787109375000e+01
6.462036895751953125e+01
8.514062500000000000e+01
7.085058593750000000e+01
8.848439788818359375e+01
7.344713592529296875e+01
8.749088287353515625e+01
7.718405914306640625e+01
6.933565521240234375e+01
6.740718078613281250e+01
1.082717819213867188e+02
7.607525634765625000e+01
9.398310852050781250e+01
1.157091140747070312e+02
9.816570281982421875e+01
8.568903350830078125e+01
9.462755584716796875e+01
8.256491088867187500e+01
9.121070861816406250e+01
8.943749237060546875e+01
9.880877685546875000e+01
9.147662353515625000e+01
1.136477050781250000e+02
8.577507019042968750e+01
8.208980560302734375e+01
9.336835479736328125e+01
1.089752197265625000e+02
6.328269195556640625e+01
8.670658111572265625e+01
8.263203430175781250e+01
8.559627532958984375e+01
7.055508422851562500e+01
8.085292816162109375e+01
6.559935760498046875e+01
7.142177581787109375e+01
8.373508453369140625e+01
8.617007446289062500e+01
8.154257965087890625e+01
8.812784576416015625e+01
8.281739807128906250e+01
8.041268920898437500e+01
7.465801239013671875e+01
8.007009124755859375e+01
9.263132476806640625e+01
8.646768951416015625e+01
1.032667617797851562e+02
1.121306762695312500e+02
9.026325988769531250e+01
9.120089721679687500e+01
8.820221710205078125e+01
8.180370330810546875e+01
9.271493530273437500e+01
8.579190063476562500e+01
9.267163085937500000e+01
8.093782806396484375e+01
1.045908050537109375e+02
9.453848266601562500e+01
7.784827423095703125e+01
8.012293243408203125e+01
1.063368530273437500e+02
6.234202575683593750e+01
7.857069396972656250e+01
8.280884552001953125e+01
7.997124481201171875e+01
7.582419586181640625e+01
8.487562561035156250e+01
6.745518493652343750e+01
7.608096313476562500e+01
8.292606353759765625e+01
9.613951873779296875e+01
6.748758697509765625e+01
1.030061645507812500e+02
7.036785125732421875e+01
7.784957885742187500e+01
7.953819274902343750e+01
1.056547088623046875e+02
7.591199493408203125e+01
9.129400634765625000e+01
1.095968170166015625e+02
1.048592605590820312e+02
8.780176544189453125e+01
9.961208343505859375e+01
7.619471740722656250e+01
7.928687286376953125e+01
8.309711456298828125e+01
8.526371765136718750e+01
8.811485290527343750e+01
8.030258941650390625e+01
9.335740661621093750e+01
8.854120635986328125e+01
8.089956665039062500e+01
7.794714355468750000e+01
9.359420013427734375e+01
8.352736663818359375e+01
7.810138702392578125e+01
8.944506835937500000e+01
7.898056030273437500e+01
7.862229919433593750e+01
8.336526489257812500e+01
6.769998168945312500e+01
8.677234649658203125e+01
7.714875793457031250e+01
9.941683197021484375e+01
6.842051696777343750e+01
1.113962936401367188e+02
8.538069915771484375e+01
7.991049194335937500e+01
7.756920623779296875e+01
1.150742340087890625e+02
6.925036621093750000e+01
9.144923400878906250e+01
1.133037643432617188e+02
9.934694671630859375e+01
7.641247558593750000e+01
9.000246429443359375e+01
6.533508300781250000e+01
8.182836151123046875e+01
7.767564392089843750e+01
8.471688079833984375e+01
8.369135284423828125e+01
1.006249084472656250e+02
1.008276443481445312e+02
8.528233337402343750e+01
8.360700988769531250e+01
9.589697265625000000e+01
7.967486572265625000e+01
8.851951599121093750e+01
8.019225311279296875e+01
9.342530059814453125e+01
7.497209167480468750e+01
8.732144165039062500e+01
8.290005493164062500e+01
7.360154724121093750e+01
9.305887603759765625e+01
8.029302978515625000e+01
9.969877624511718750e+01
8.017066955566406250e+01
1.000427169799804688e+02
8.266102600097656250e+01
7.633861541748046875e+01
7.277922821044921875e+01
1.178904495239257812e+02
7.427036285400390625e+01
9.146166992187500000e+01
1.073610763549804688e+02
8.967862701416015625e+01
7.522944641113281250e+01
8.533123779296875000e+01
6.908364868164062500e+01
7.765538024902343750e+01
7.661473083496093750e+01
8.785784912109375000e+01
8.311394500732421875e+01
1.066387481689453125e+02
8.281027984619140625e+01
9.147809600830078125e+01
9.033486175537109375e+01
1.102658462524414062e+02
7.905908203125000000e+01
9.133233642578125000e+01
8.565668487548828125e+01
9.634728240966796875e+01
7.449346923828125000e+01
8.600450897216796875e+01
8.000279235839843750e+01
7.720004272460937500e+01
9.829537963867187500e+01
8.205756378173828125e+01
9.296893310546875000e+01
8.013655090332031250e+01
9.167364501953125000e+01
8.427439880371093750e+01
7.022333526611328125e+01
6.816051483154296875e+01
1.004454116821289062e+02
6.836919403076171875e+01
8.351214599609375000e+01
1.021569747924804688e+02
8.483853149414062500e+01
6.935076904296875000e+01
8.237503814697265625e+01
7.202659606933593750e+01
7.899216461181640625e+01
7.891878509521484375e+01
9.214437103271484375e+01
8.615645599365234375e+01
1.130111923217773438e+02
8.676115417480468750e+01
9.485033416748046875e+01
9.573371887207031250e+01
1.158131790161132812e+02
8.356758117675781250e+01
9.167375946044921875e+01
8.691885375976562500e+01
9.728540802001953125e+01
7.881390380859375000e+01
9.118293762207031250e+01
8.313928985595703125e+01
7.666754150390625000e+01
9.194127655029296875e+01
8.017495727539062500e+01
9.124486541748046875e+01
7.628795623779296875e+01
9.012872314453125000e+01
7.653555297851562500e+01
6.368543624877929688e+01
6.129597091674804688e+01
9.847206878662109375e+01
6.239648437500000000e+01
8.317700958251953125e+01
1.008150634765625000e+02
8.335120391845703125e+01
7.222298431396484375e+01
8.434421539306640625e+01
7.228987121582031250e+01
8.365092468261718750e+01
8.809022521972656250e+01
9.696336364746093750e+01
9.265034484863281250e+01
1.183194885253906250e+02
9.369995880126953125e+01
1.013259811401367188e+02
1.023120040893554688e+02
1.167871551513671875e+02
7.967174530029296875e+01
9.262228393554687500e+01
8.808532714843750000e+01
1.012367324829101562e+02
7.667352294921875000e+01
8.648231506347656250e+01
7.876830291748046875e+01
7.077894592285156250e+01
8.932849121093750000e+01
7.628914642333984375e+01
8.865244293212890625e+01
7.158937835693359375e+01
8.138479614257812500e+01
6.770620727539062500e+01
6.044989395141601562e+01
5.188658523559570312e+01
9.270523834228515625e+01
6.520171356201171875e+01
8.603119659423828125e+01
1.037126312255859375e+02
8.686360168457031250e+01
7.531008911132812500e+01
8.794353485107421875e+01
7.953454589843750000e+01
9.030992889404296875e+01
8.835533142089843750e+01
9.790146636962890625e+01
9.133172607421875000e+01
1.204531173706054688e+02
9.750327301025390625e+01
1.032002563476562500e+02
9.880442810058593750e+01
1.163051605224609375e+02
8.096430206298828125e+01
9.064381408691406250e+01
8.605007171630859375e+01
9.419112396240234375e+01
7.430618286132812500e+01
8.272739410400390625e+01
7.518730163574218750e+01
6.810636138916015625e+01
8.442723846435546875e+01
7.108139038085937500e+01
7.775373840332031250e+01
6.354506683349609375e+01
8.242176818847656250e+01
6.667834472656250000e+01
5.633085632324218750e+01
5.692586898803710938e+01
9.822013854980468750e+01
6.961293029785156250e+01
8.912008666992187500e+01
1.092803115844726562e+02
9.260208129882812500e+01
8.338565826416015625e+01
9.459169769287109375e+01
8.388008117675781250e+01
9.342876434326171875e+01
8.871910858154296875e+01
9.014099884033203125e+01
8.591648101806640625e+01
1.207258911132812500e+02
8.889671325683593750e+01
9.469971466064453125e+01
1.001757888793945312e+02
1.154535827636718750e+02
7.073101043701171875e+01
9.318031311035156250e+01
8.392692565917968750e+01
9.061774444580078125e+01
7.307864379882812500e+01
8.089036560058593750e+01
6.701171112060546875e+01
6.214249038696289062e+01
7.993019104003906250e+01
7.057940673828125000e+01
7.457608032226562500e+01
6.711476135253906250e+01
8.099745941162109375e+01
6.900537109375000000e+01
6.238793182373046875e+01
6.624983978271484375e+01
9.381296539306640625e+01
7.857350158691406250e+01
9.661802673339843750e+01
1.152468490600585938e+02
9.661956024169921875e+01
8.877443695068359375e+01
9.411746215820312500e+01
8.410662078857421875e+01
9.518565368652343750e+01
8.786057281494140625e+01
9.319579315185546875e+01
8.568239593505859375e+01
1.159486618041992188e+02
9.829748535156250000e+01
9.082016754150390625e+01
8.981474304199218750e+01
1.133804550170898438e+02
6.788179779052734375e+01
8.774325561523437500e+01
8.597421264648437500e+01
8.352916717529296875e+01
7.006459808349609375e+01
7.568267822265625000e+01
5.998365020751953125e+01
6.807353973388671875e+01
7.159422302246093750e+01
7.668075561523437500e+01
6.781975555419921875e+01
8.832762145996093750e+01
7.483156585693359375e+01
7.357260894775390625e+01
7.420114898681640625e+01
8.667922973632812500e+01
8.870029449462890625e+01
8.962884521484375000e+01
1.066874160766601562e+02
1.112485961914062500e+02
9.016367340087890625e+01
8.949968719482421875e+01
8.871588134765625000e+01
8.221920776367187500e+01
9.268592834472656250e+01
8.666870117187500000e+01
9.898685455322265625e+01
8.397896575927734375e+01
1.064740066528320312e+02
1.019575271606445312e+02
8.092087554931640625e+01
8.421350097656250000e+01
1.103779525756835938e+02
6.411392974853515625e+01
7.797719573974609375e+01
8.104475402832031250e+01
7.744401550292968750e+01
6.755892181396484375e+01
8.126791381835937500e+01
5.553638076782226562e+01
7.017406463623046875e+01
7.668183135986328125e+01
9.291651153564453125e+01
6.580138397216796875e+01
9.996743011474609375e+01
7.130572509765625000e+01
7.834632873535156250e+01
8.255035400390625000e+01
1.070378417968750000e+02
7.672986602783203125e+01
9.553269958496093750e+01
1.131380615234375000e+02
1.069718170166015625e+02
8.442407989501953125e+01
9.807208251953125000e+01
8.008171844482421875e+01
8.132225799560546875e+01
9.074659729003906250e+01
8.691596221923828125e+01
8.389739990234375000e+01
8.919032287597656250e+01
9.766622161865234375e+01
9.459130096435546875e+01
8.313236236572265625e+01
7.921996307373046875e+01
9.498696136474609375e+01
7.544811248779296875e+01
7.376341247558593750e+01
7.791289520263671875e+01
6.740325164794921875e+01
7.119754028320312500e+01
7.632358551025390625e+01
6.275131988525390625e+01
7.916979980468750000e+01
7.492649078369140625e+01
9.781681823730468750e+01
6.313851547241210938e+01
1.102761001586914062e+02
8.401023864746093750e+01
8.140650177001953125e+01
8.306491088867187500e+01
1.172498168945312500e+02
7.238401031494140625e+01
9.171300506591796875e+01
1.137803192138671875e+02
9.826989746093750000e+01
8.025386047363281250e+01
9.711328125000000000e+01
7.807451629638671875e+01
8.464196777343750000e+01
8.418436431884765625e+01
8.999619293212890625e+01
8.888132476806640625e+01
1.017787399291992188e+02
1.047512893676757812e+02
8.569493865966796875e+01
8.058548736572265625e+01
9.367220306396484375e+01
7.364988708496093750e+01
7.782509613037109375e+01
7.061965942382812500e+01
8.503865814208984375e+01
6.641129302978515625e+01
7.848741912841796875e+01
7.560906982421875000e+01
6.741870880126953125e+01
9.020923614501953125e+01
7.999382781982421875e+01
9.773725891113281250e+01
8.178381347656250000e+01
9.969116210937500000e+01
8.701865386962890625e+01
7.889469146728515625e+01
7.373804473876953125e+01
1.149466171264648438e+02
7.501607513427734375e+01
9.672483825683593750e+01
1.153959121704101562e+02
9.613831329345703125e+01
7.979972076416015625e+01
8.746218872070312500e+01
7.558789062500000000e+01
8.307777404785156250e+01
8.152716064453125000e+01
9.303615570068359375e+01
8.556121063232421875e+01
1.063031082153320312e+02
7.868833923339843750e+01
7.340151214599609375e+01
9.023192596435546875e+01
1.030686950683593750e+02
6.508637237548828125e+01
8.895874786376953125e+01
8.474703979492187500e+01
8.951687622070312500e+01
7.188285064697265625e+01
8.665695190429687500e+01
7.298748779296875000e+01
7.823176574707031250e+01
9.198487854003906250e+01
9.145999145507812500e+01
8.558728790283203125e+01
9.312114715576171875e+01
8.729683685302734375e+01
8.213327026367187500e+01
7.823777008056640625e+01
7.918988037109375000e+01
8.965866851806640625e+01
8.144746398925781250e+01
9.703711700439453125e+01
1.045789413452148438e+02
8.419361877441406250e+01
8.329418945312500000e+01
7.989810180664062500e+01
7.517959594726562500e+01
8.743772888183593750e+01
7.906592559814453125e+01
9.039671325683593750e+01
7.665591430664062500e+01
1.066408081054687500e+02
1.036067581176757812e+02
8.030423736572265625e+01
8.215238189697265625e+01
1.143902664184570312e+02
6.882965087890625000e+01
8.484113311767578125e+01
9.146545410156250000e+01
9.073734283447265625e+01
7.886479949951171875e+01
9.241062164306640625e+01
7.336428070068359375e+01
8.210024261474609375e+01
8.708865356445312500e+01
9.231808471679687500e+01
6.142661666870117188e+01
1.023522338867187500e+02
6.641503143310546875e+01
7.276470184326171875e+01
7.257874298095703125e+01
9.489037322998046875e+01
7.198543548583984375e+01
8.607739257812500000e+01
9.814907836914062500e+01
9.720724487304687500e+01
8.358460235595703125e+01
8.968773651123046875e+01
7.659329223632812500e+01
7.488370513916015625e+01
8.638872528076171875e+01
8.002378845214843750e+01
9.331763458251953125e+01
8.512748718261718750e+01
1.064418792724609375e+02
9.991779327392578125e+01
8.561238861083984375e+01
8.826268005371093750e+01
1.180217056274414062e+02
7.161014556884765625e+01
8.645901489257812500e+01
9.472515106201171875e+01
9.103996276855468750e+01
8.227417755126953125e+01
8.908821105957031250e+01
7.044425964355468750e+01
7.673699951171875000e+01
9.091880798339843750e+01
9.221228027343750000e+01
6.048124313354492188e+01
9.617613220214843750e+01
6.375869750976562500e+01
6.877819824218750000e+01
6.861231231689453125e+01
8.615303802490234375e+01
6.664539337158203125e+01
8.299781036376953125e+01
9.761376953125000000e+01
9.910142517089843750e+01
8.472948455810546875e+01
8.950558471679687500e+01
7.725202941894531250e+01
7.948436737060546875e+01
8.977286529541015625e+01
8.652315521240234375e+01
9.036749267578125000e+01
8.593244171142578125e+01
1.122223358154296875e+02
1.091144561767578125e+02
9.113232421875000000e+01
9.083780670166015625e+01
1.184550704956054688e+02
7.331781768798828125e+01
9.003707122802734375e+01
9.518631744384765625e+01
8.729911804199218750e+01
7.809624481201171875e+01
8.093788146972656250e+01
6.414955139160156250e+01
7.402747344970703125e+01
7.432207489013671875e+01
8.413416290283203125e+01
6.208588027954101562e+01
8.779944610595703125e+01
6.551934814453125000e+01
6.596322631835937500e+01
6.530429077148437500e+01
8.184787750244140625e+01
7.838146972656250000e+01
8.343992614746093750e+01
9.602558135986328125e+01
1.025413131713867188e+02
8.568542480468750000e+01
8.931257629394531250e+01
8.644646453857421875e+01
7.820314788818359375e+01
9.113311004638671875e+01
8.968878936767578125e+01
9.924765014648437500e+01
9.214304351806640625e+01
1.219209976196289062e+02
1.046513748168945312e+02
9.481527709960937500e+01
9.720428466796875000e+01
1.192031936645507812e+02
7.102561950683593750e+01
8.748966217041015625e+01
8.955064392089843750e+01
8.680023193359375000e+01
7.027172088623046875e+01
7.798570251464843750e+01
6.175918579101562500e+01
6.591887664794921875e+01
7.559591674804687500e+01
8.088900756835937500e+01
6.840357971191406250e+01
7.743036651611328125e+01
7.784268188476562500e+01
6.817633056640625000e+01
6.483086395263671875e+01
7.570967102050781250e+01
9.118193054199218750e+01
8.029765319824218750e+01
9.465193939208984375e+01
1.074322357177734375e+02
9.783348846435546875e+01
8.470822906494140625e+01
9.037718200683593750e+01
8.565627288818359375e+01
9.757663726806640625e+01
9.119534301757812500e+01
9.598533630371093750e+01
9.172895050048828125e+01
1.181662368774414062e+02
9.364514923095703125e+01
8.959169769287109375e+01
9.584980010986328125e+01
1.120185775756835938e+02
7.091773223876953125e+01
8.601868438720703125e+01
8.072134399414062500e+01
8.199432373046875000e+01
6.401494598388671875e+01
7.564613342285156250e+01
6.071232223510742188e+01
6.188305664062500000e+01
7.809549713134765625e+01
7.108534240722656250e+01
7.877586364746093750e+01
7.226801300048828125e+01
8.538890838623046875e+01
7.639070892333984375e+01
6.787969970703125000e+01
7.285081481933593750e+01
9.827765655517578125e+01
7.758939361572265625e+01
9.793814849853515625e+01
1.187304611206054688e+02
9.693765258789062500e+01
8.948410034179687500e+01
9.867749786376953125e+01
8.639862060546875000e+01
9.467195129394531250e+01
9.096653747558593750e+01
9.769126129150390625e+01
9.176087188720703125e+01
1.179050750732421875e+02
8.695909881591796875e+01
8.718885803222656250e+01
8.986242675781250000e+01
1.051404190063476562e+02
7.018456268310546875e+01
8.586518096923828125e+01
7.249297332763671875e+01
8.216722869873046875e+01
6.129283523559570312e+01
7.332261657714843750e+01
6.370378875732421875e+01
5.901119613647460938e+01
8.147257232666015625e+01
7.185108184814453125e+01
8.772537231445312500e+01
7.370029449462890625e+01
8.878942108154296875e+01
8.174159240722656250e+01
7.214393615722656250e+01
7.413056182861328125e+01
1.101901473999023438e+02
7.662226104736328125e+01
1.008213806152343750e+02
1.225127792358398438e+02
1.034263763427734375e+02
8.650955963134765625e+01
9.823653411865234375e+01
8.604338073730468750e+01
9.288775634765625000e+01
9.142643737792968750e+01
1.002418594360351562e+02
9.286679840087890625e+01
1.111292877197265625e+02
8.456549835205078125e+01
9.047161102294921875e+01
8.528256988525390625e+01
9.955251312255859375e+01
6.482069396972656250e+01
7.851210784912109375e+01
7.120655059814453125e+01
8.211439514160156250e+01
6.399080657958984375e+01
7.252644348144531250e+01
6.648201751708984375e+01
6.432117462158203125e+01
8.661659240722656250e+01
7.464537811279296875e+01
8.928127288818359375e+01
7.512905120849609375e+01
9.351549530029296875e+01
8.007614135742187500e+01
7.862397003173828125e+01
7.153556823730468750e+01
1.147959747314453125e+02
7.832951354980468750e+01
1.024883041381835938e+02
1.196069946289062500e+02
1.003616638183593750e+02
8.401776123046875000e+01
9.830274200439453125e+01
8.573393249511718750e+01
9.170275115966796875e+01
8.784056854248046875e+01
9.428302764892578125e+01
8.385389709472656250e+01
1.046938552856445312e+02
9.760890960693359375e+01
8.449434661865234375e+01
7.935237121582031250e+01
9.460072326660156250e+01
7.269105529785156250e+01
7.796781921386718750e+01
6.940349578857421875e+01
8.228191375732421875e+01
6.413435363769531250e+01
7.607984161376953125e+01
7.398891448974609375e+01
6.663665008544921875e+01
8.614897918701171875e+01
7.579241943359375000e+01
9.360398101806640625e+01
7.529211425781250000e+01
9.927101898193359375e+01
8.030651092529296875e+01
7.748964691162109375e+01
7.322908782958984375e+01
1.196085128784179688e+02
7.760507202148437500e+01
9.558544921875000000e+01
1.164896163940429688e+02
1.047489395141601562e+02
8.506134796142578125e+01
9.970380401611328125e+01
7.983473205566406250e+01
8.840418243408203125e+01
8.258331298828125000e+01
9.707793426513671875e+01
8.463534545898437500e+01
1.001045837402343750e+02
