-1.132773361206054688e+02
-1.184559478759765625e+02
-1.186956863403320312e+02
-1.188607254028320312e+02
-1.194911117553710938e+02
-1.152714233398437500e+02
-1.204205551147460938e+02
-1.412079620361328125e+02
-1.472496490478515625e+02
-1.535098114013671875e+02
-1.527371063232421875e+02
-1.572274932861328125e+02
-1.285633544921875000e+02
-1.417897796630859375e+02
-1.559471282958984375e+02
-1.576234130859375000e+02
-1.604620666503906250e+02
-1.662580871582031250e+02
-1.631240386962890625e+02
-1.671127166748046875e+02
-1.318249664306640625e+02
-1.478922271728515625e+02
-1.566025695800781250e+02
-1.363536071777343750e+02
-1.326622009277343750e+02
-1.167250366210937500e+02
-1.141780242919921875e+02
-9.949159240722656250e+01
-9.006420898437500000e+01
-9.566461181640625000e+01
-1.085971069335937500e+02
-1.109883041381835938e+02
-1.084322128295898438e+02
-1.135059280395507812e+02
-1.078942108154296875e+02
-9.664349365234375000e+01
-1.177969436645507812e+02
-1.247683792114257812e+02
-1.279011917114257812e+02
-1.461628570556640625e+02
-1.448168487548828125e+02
-1.532609405517578125e+02
-1.477877349853515625e+02
-1.308211212158203125e+02
-1.473547210693359375e+02
-1.594083557128906250e+02
-1.639757232666015625e+02
-1.650621490478515625e+02
-1.686264953613281250e+02
-1.658465423583984375e+02
-1.621902465820312500e+02
-1.395946502685546875e+02
-1.494270019531250000e+02
-1.553602600097656250e+02
-1.449375152587890625e+02
-1.346075439453125000e+02
-1.248153991699218750e+02
-1.176683120727539062e+02
-9.620298004150390625e+01
-9.712909698486328125e+01
-1.014212036132812500e+02
-1.057707214355468750e+02
-1.107192993164062500e+02
-1.058990173339843750e+02
-1.069801330566406250e+02
-1.098558654785156250e+02
-9.146540069580078125e+01
-1.145662002563476562e+02
-1.325591888427734375e+02
-1.242764816284179688e+02
-1.382088623046875000e+02
-1.408963623046875000e+02
-1.400581054687500000e+02
-1.336291046142578125e+02
-1.282544860839843750e+02
-1.449282836914062500e+02
-1.570981292724609375e+02
-1.660120086669921875e+02
-1.709710845947265625e+02
-1.701479034423828125e+02
-1.773291778564453125e+02
-1.584506988525390625e+02
-1.614862823486328125e+02
-1.560403442382812500e+02
-1.545510101318359375e+02
-1.534541015625000000e+02
-1.346362457275390625e+02
-1.245634078979492188e+02
-1.224134368896484375e+02
-9.844414520263671875e+01
-1.004231414794921875e+02
-1.092692642211914062e+02
-1.068248672485351562e+02
-1.116737213134765625e+02
-1.059554595947265625e+02
-1.026852874755859375e+02
-1.062589035034179688e+02
-9.877346038818359375e+01
-1.053544158935546875e+02
-1.286833648681640625e+02
-1.266664886474609375e+02
-1.353823242187500000e+02
-1.411602478027343750e+02
-1.375317382812500000e+02
-1.196797790527343750e+02
-1.289824066162109375e+02
-1.452133483886718750e+02
-1.556449737548828125e+02
-1.631843109130859375e+02
-1.718002777099609375e+02
-1.683067169189453125e+02
-1.600846862792968750e+02
-1.560936279296875000e+02
-1.689201049804687500e+02
-1.659137878417968750e+02
-1.501832733154296875e+02
-1.529257049560546875e+02
-1.345229797363281250e+02
-1.305025634765625000e+02
-1.191376495361328125e+02
-1.019471282958984375e+02
-1.107627029418945312e+02
-1.096928558349609375e+02
-1.121206588745117188e+02
-1.097866516113281250e+02
-1.118707199096679688e+02
-1.171832656860351562e+02
-1.021248855590820312e+02
-1.051726837158203125e+02
-1.061934356689453125e+02
-1.196154632568359375e+02
-1.312411193847656250e+02
-1.306050720214843750e+02
-1.372335052490234375e+02
-1.394873199462890625e+02
-1.137422790527343750e+02
-1.307719573974609375e+02
-1.463901519775390625e+02
-1.545861053466796875e+02
-1.586002502441406250e+02
-1.659578857421875000e+02
-1.674829559326171875e+02
-1.686427307128906250e+02
-1.603679504394531250e+02
-1.596753082275390625e+02
-1.699527282714843750e+02
-1.544432678222656250e+02
-1.495216827392578125e+02
-1.397120666503906250e+02
-1.305986480712890625e+02
-1.107899551391601562e+02
-1.078989257812500000e+02
-1.146463394165039062e+02
-1.169011230468750000e+02
-1.196449203491210938e+02
-1.130339508056640625e+02
-1.126919021606445312e+02
-1.115452346801757812e+02
-9.195362854003906250e+01
-1.127256240844726562e+02
-1.296516418457031250e+02
-1.185837097167968750e+02
-1.292658843994140625e+02
-1.312149505615234375e+02
-1.261220016479492188e+02
-1.176209945678710938e+02
-1.166402893066406250e+02
-1.306625518798828125e+02
-1.443682708740234375e+02
-1.511347045898437500e+02
-1.590975799560546875e+02
-1.628571166992187500e+02
-1.652905731201171875e+02
-1.473695831298828125e+02
-1.621828308105468750e+02
-1.566713867187500000e+02
-1.521058807373046875e+02
-1.572066955566406250e+02
-1.383637695312500000e+02
-1.362073822021484375e+02
-1.291238098144531250e+02
-1.098984909057617188e+02
-1.155909423828125000e+02
-1.201309280395507812e+02
-1.190840759277343750e+02
-1.166600723266601562e+02
-1.178079681396484375e+02
-1.239950332641601562e+02
-1.099233398437500000e+02
-1.087049865722656250e+02
-1.115585632324218750e+02
-1.218643722534179688e+02
-1.326177215576171875e+02
-1.291377105712890625e+02
-1.368667297363281250e+02
-1.348298339843750000e+02
-1.090786514282226562e+02
-1.255132217407226562e+02
-1.387466888427734375e+02
-1.472135314941406250e+02
-1.504044799804687500e+02
-1.576252899169921875e+02
-1.561646270751953125e+02
-1.582260589599609375e+02
-1.409067993164062500e+02
-1.508644561767578125e+02
-1.618322906494140625e+02
-1.520936737060546875e+02
-1.454449920654296875e+02
-1.365170135498046875e+02
-1.343191833496093750e+02
-1.116869506835937500e+02
-1.142039642333984375e+02
-1.229966964721679688e+02
-1.204458541870117188e+02
-1.249113998413085938e+02
-1.176743545532226562e+02
-1.134940109252929688e+02
-1.119201736450195312e+02
-1.045360870361328125e+02
-1.123497467041015625e+02
-1.302365722656250000e+02
-1.301811676025390625e+02
-1.363389434814453125e+02
-1.352036132812500000e+02
-1.391092529296875000e+02
-1.108088684082031250e+02
-1.220815734863281250e+02
-1.375865325927734375e+02
-1.450995788574218750e+02
-1.497195587158203125e+02
-1.558959197998046875e+02
-1.594914550781250000e+02
-1.665929260253906250e+02
-1.318695373535156250e+02
-1.495252380371093750e+02
-1.628043670654296875e+02
-1.443863372802734375e+02
-1.455674896240234375e+02
-1.371104125976562500e+02
-1.295608673095703125e+02
-1.123802490234375000e+02
-1.110552902221679688e+02
-1.185201339721679688e+02
-1.214312057495117188e+02
-1.248027191162109375e+02
-1.205978393554687500e+02
-1.200185012817382812e+02
-1.295209350585937500e+02
-9.725175476074218750e+01
-1.138117828369140625e+02
-1.375749359130859375e+02
-1.300686340332031250e+02
-1.377418518066406250e+02
-1.408658294677734375e+02
-1.375283966064453125e+02
-1.152677764892578125e+02
-1.228923187255859375e+02
-1.374421539306640625e+02
-1.448821868896484375e+02
-1.519289093017578125e+02
-1.561900329589843750e+02
-1.549082489013671875e+02
-1.607938537597656250e+02
-1.350786437988281250e+02
-1.471608428955078125e+02
-1.615319061279296875e+02
-1.402704315185546875e+02
-1.399019317626953125e+02
-1.299194335937500000e+02
-1.260493927001953125e+02
-1.099006195068359375e+02
-1.069649505615234375e+02
-1.156286544799804688e+02
-1.208219375610351562e+02
-1.261349487304687500e+02
-1.202840347290039062e+02
-1.162899017333984375e+02
-1.285602264404296875e+02
-9.724427795410156250e+01
-1.161723785400390625e+02
-1.391645050048828125e+02
-1.322546997070312500e+02
-1.399764709472656250e+02
-1.459295196533203125e+02
-1.413976898193359375e+02
-1.198693313598632812e+02
-1.281920776367187500e+02
-1.421891784667968750e+02
-1.481016845703125000e+02
-1.557340545654296875e+02
-1.600662689208984375e+02
-1.557084655761718750e+02
-1.599887847900390625e+02
-1.354109954833984375e+02
-1.463207092285156250e+02
-1.587748107910156250e+02
-1.390376434326171875e+02
-1.374817352294921875e+02
-1.249340133666992188e+02
-1.215820693969726562e+02
-1.072391433715820312e+02
-1.047996673583984375e+02
-1.126915283203125000e+02
-1.182128753662109375e+02
-1.228193130493164062e+02
-1.191964187622070312e+02
-1.159848098754882812e+02
-1.260254364013671875e+02
-9.734884643554687500e+01
-1.172375793457031250e+02
-1.404293518066406250e+02
-1.324966430664062500e+02
-1.409322052001953125e+02
-1.488199157714843750e+02
-1.442429504394531250e+02
-1.232409439086914062e+02
-1.337391662597656250e+02
-1.455840301513671875e+02
-1.532885131835937500e+02
-1.594643402099609375e+02
-1.634567260742187500e+02
-1.621771392822265625e+02
-1.649201354980468750e+02
-1.354927520751953125e+02
-1.490167999267578125e+02
-1.581937713623046875e+02
-1.366150054931640625e+02
-1.371683197021484375e+02
-1.230112152099609375e+02
-1.181767272949218750e+02
-1.033841323852539062e+02
-9.930232238769531250e+01
-1.091018676757812500e+02
-1.141556015014648438e+02
-1.209883041381835938e+02
-1.157596588134765625e+02
-1.162846527099609375e+02
-1.258152389526367188e+02
-9.423604583740234375e+01
-1.171589431762695312e+02
-1.415204620361328125e+02
-1.332446136474609375e+02
-1.416105499267578125e+02
-1.486806488037109375e+02
-1.451229553222656250e+02
-1.260879440307617188e+02
-1.341181182861328125e+02
-1.470287017822265625e+02
-1.545614471435546875e+02
-1.613342437744140625e+02
-1.634702148437500000e+02
-1.632243041992187500e+02
-1.647894287109375000e+02
-1.404720458984375000e+02
-1.502563476562500000e+02
-1.619650573730468750e+02
-1.394317321777343750e+02
-1.354128570556640625e+02
-1.205243453979492188e+02
-1.178641510009765625e+02
-1.036694412231445312e+02
-9.823938751220703125e+01
-1.035660400390625000e+02
-1.118265609741210938e+02
-1.171389999389648438e+02
-1.103007888793945312e+02
-1.145078735351562500e+02
-1.144878845214843750e+02
-1.007785186767578125e+02
-1.203234252929687500e+02
-1.387332763671875000e+02
-1.296837005615234375e+02
-1.415181274414062500e+02
-1.460060424804687500e+02
-1.413923645019531250e+02
-1.284030151367187500e+02
-1.324900054931640625e+02
-1.447683258056640625e+02
-1.561596069335937500e+02
-1.636981353759765625e+02
-1.676949768066406250e+02
-1.626591339111328125e+02
-1.545042572021484375e+02
-1.469355926513671875e+02
-1.568026275634765625e+02
-1.550693054199218750e+02
-1.352320861816406250e+02
-1.403258209228515625e+02
-1.233621215820312500e+02
-1.186995925903320312e+02
-1.094072494506835938e+02
-9.646340942382812500e+01
-1.036369094848632812e+02
-1.099351119995117188e+02
-1.122871932983398438e+02
-1.182467498779296875e+02
-1.161280136108398438e+02
-1.151878890991210938e+02
-1.017648468017578125e+02
-1.189210510253906250e+02
-1.232672424316406250e+02
-1.259796447753906250e+02
-1.464604644775390625e+02
-1.443616790771484375e+02
-1.500982055664062500e+02
-1.422984161376953125e+02
-1.279613037109375000e+02
-1.443351898193359375e+02
-1.516206054687500000e+02
-1.547902069091796875e+02
-1.577147979736328125e+02
-1.614234161376953125e+02
-1.645500488281250000e+02
-1.578176116943359375e+02
-1.552378082275390625e+02
-1.417796936035156250e+02
-1.479514007568359375e+02
-1.419394073486328125e+02
-1.302912750244140625e+02
-1.186852493286132812e+02
-1.200771331787109375e+02
-9.859078216552734375e+01
-1.022115249633789062e+02
-1.149039154052734375e+02
-1.094994964599609375e+02
-1.195242004394531250e+02
-1.158595428466796875e+02
-1.124490890502929688e+02
-1.195795135498046875e+02
-1.095644454956054688e+02
-1.191856307983398438e+02
-1.372672271728515625e+02
-1.387523803710937500e+02
-1.459348297119140625e+02
-1.487948608398437500e+02
-1.474853973388671875e+02
-1.235326614379882812e+02
-1.326559906005859375e+02
-1.446769409179687500e+02
-1.488771820068359375e+02
-1.619287719726562500e+02
-1.600167388916015625e+02
-1.549226837158203125e+02
-1.532347259521484375e+02
-1.373750152587890625e+02
-1.477915191650390625e+02
-1.543198394775390625e+02
-1.328541412353515625e+02
-1.362060699462890625e+02
-1.211215515136718750e+02
-1.202413558959960938e+02
-1.114482803344726562e+02
-9.943958282470703125e+01
-1.105591735839843750e+02
-1.116790542602539062e+02
-1.205936813354492188e+02
-1.208468399047851562e+02
-1.226652145385742188e+02
-1.271543426513671875e+02
-1.113237304687500000e+02
-1.245477218627929688e+02
-1.241859817504882812e+02
-1.333985748291015625e+02
-1.468150634765625000e+02
-1.431746673583984375e+02
-1.523029937744140625e+02
-1.459972534179687500e+02
-1.214045410156250000e+02
-1.348582611083984375e+02
-1.461074676513671875e+02
-1.451301269531250000e+02
-1.501833801269531250e+02
-1.513905334472656250e+02
-1.496788940429687500e+02
-1.476549072265625000e+02
-1.376546020507812500e+02
-1.384097595214843750e+02
-1.461197967529296875e+02
-1.346266632080078125e+02
-1.325943145751953125e+02
-1.260486526489257812e+02
-1.211859741210937500e+02
-1.052334747314453125e+02
-1.059803314208984375e+02
-1.150983505249023438e+02
-1.209375839233398438e+02
-1.309569702148437500e+02
-1.250702438354492188e+02
-1.267496795654296875e+02
-1.230068969726562500e+02
-1.175841903686523438e+02
-1.325504608154296875e+02
-1.449257049560546875e+02
-1.352952880859375000e+02
-1.517282867431640625e+02
-1.471963500976562500e+02
-1.472012023925781250e+02
-1.347476348876953125e+02
-1.212012863159179688e+02
-1.347410278320312500e+02
-1.382142944335937500e+02
-1.403827362060546875e+02
-1.426545715332031250e+02
-1.440772552490234375e+02
-1.465052795410156250e+02
-1.351495208740234375e+02
-1.305756988525390625e+02
-1.259618682861328125e+02
-1.371345062255859375e+02
-1.323142089843750000e+02
-1.269846954345703125e+02
-1.216468200683593750e+02
-1.228275146484375000e+02
-1.050644607543945312e+02
-1.121454925537109375e+02
-1.159760971069335938e+02
-1.295592498779296875e+02
-1.379510192871093750e+02
-1.338521728515625000e+02
-1.359905853271484375e+02
-1.440011444091796875e+02
-1.174614562988281250e+02
-1.393068389892578125e+02
-1.568542785644531250e+02
-1.429038238525390625e+02
-1.508847351074218750e+02
-1.499648132324218750e+02
-1.415546569824218750e+02
-1.275668029785156250e+02
-1.191441802978515625e+02
-1.271615829467773438e+02
-1.349261779785156250e+02
-1.392589263916015625e+02
-1.386185150146484375e+02
-1.342166290283203125e+02
-1.428076477050781250e+02
-1.285244293212890625e+02
-1.248842620849609375e+02
-1.226252288818359375e+02
-1.269673461914062500e+02
-1.289333953857421875e+02
-1.209233627319335938e+02
-1.145875778198242188e+02
-1.220652389526367188e+02
-1.042833862304687500e+02
-1.149709091186523438e+02
-1.304512329101562500e+02
-1.330288848876953125e+02
-1.454635620117187500e+02
-1.421539916992187500e+02
-1.425798797607421875e+02
-1.539495849609375000e+02
-1.297888031005859375e+02
-1.426950225830078125e+02
-1.660876922607421875e+02
-1.528894653320312500e+02
-1.579045104980468750e+02
-1.565660095214843750e+02
-1.455064239501953125e+02
-1.242428665161132812e+02
-1.192094650268554688e+02
-1.298630828857421875e+02
-1.318065185546875000e+02
-1.329999084472656250e+02
-1.338820953369140625e+02
-1.276860427856445312e+02
-1.268900833129882812e+02
-1.055589752197265625e+02
-1.193414916992187500e+02
-1.158838348388671875e+02
-1.123472366333007812e+02
-1.224768371582031250e+02
-1.079600372314453125e+02
-1.116776199340820312e+02
-1.166215209960937500e+02
-1.005985794067382812e+02
-1.137842025756835938e+02
-1.271770553588867188e+02
-1.388423156738281250e+02
-1.478750762939453125e+02
-1.488766937255859375e+02
-1.467007141113281250e+02
-1.578179626464843750e+02
-1.396078033447265625e+02
-1.541575317382812500e+02
-1.708235778808593750e+02
-1.673691406250000000e+02
-1.685010833740234375e+02
-1.639797210693359375e+02
-1.574111785888671875e+02
-1.258974075317382812e+02
-1.269892044067382812e+02
-1.331408691406250000e+02
-1.319046630859375000e+02
-1.322732849121093750e+02
-1.326673889160156250e+02
-1.239990005493164062e+02
-1.141795043945312500e+02
-1.039546508789062500e+02
-1.175406723022460938e+02
-1.213279418945312500e+02
-1.053072433471679688e+02
-1.159488830566406250e+02
-1.047606201171875000e+02
-1.093076629638671875e+02
-1.017666015625000000e+02
-9.969733428955078125e+01
-1.170562515258789062e+02
-1.283623962402343750e+02
-1.394180145263671875e+02
-1.448241424560546875e+02
-1.516990661621093750e+02
-1.660010223388671875e+02
-1.581516723632812500e+02
-1.574412078857421875e+02
-1.588434295654296875e+02
-1.715404052734375000e+02
-1.783757934570312500e+02
-1.716155242919921875e+02
-1.701213226318359375e+02
-1.637078857421875000e+02
-1.285005340576171875e+02
-1.319458007812500000e+02
-1.360740966796875000e+02
-1.323095245361328125e+02
-1.285620422363281250e+02
-1.289359893798828125e+02
-1.234075469970703125e+02
-1.236128234863281250e+02
-9.927506256103515625e+01
-1.075431365966796875e+02
-1.197680511474609375e+02
-1.057171859741210938e+02
-1.099566345214843750e+02
-1.053466873168945312e+02
-1.071762924194335938e+02
-9.856258392333984375e+01
-1.010945053100585938e+02
-1.169686279296875000e+02
-1.316794433593750000e+02
-1.447760314941406250e+02
-1.472511901855468750e+02
-1.535774993896484375e+02
-1.525012359619140625e+02
-1.513487548828125000e+02
-1.664725494384765625e+02
-1.775549011230468750e+02
-1.681890563964843750e+02
1.798938446044921875e+02
-1.784870452880859375e+02
-1.669646148681640625e+02
-1.487595977783203125e+02
-1.302541503906250000e+02
-1.360025329589843750e+02
-1.337579040527343750e+02
-1.318952178955078125e+02
-1.278572235107421875e+02
-1.247724380493164062e+02
-1.275419921875000000e+02
-1.165972900390625000e+02
-1.119625167846679688e+02
-1.025781097412109375e+02
-1.093052291870117188e+02
-1.099397354125976562e+02
-1.084817504882812500e+02
-1.005240783691406250e+02
-1.110492782592773438e+02
-9.630991363525390625e+01
-1.102807312011718750e+02
-1.287058258056640625e+02
-1.340404815673828125e+02
-1.500354614257812500e+02
-1.514042510986328125e+02
-1.547203674316406250e+02
-1.656404571533203125e+02
-1.585750579833984375e+02
-1.632237854003906250e+02
1.765349273681640625e+02
-1.755320739746093750e+02
-1.759337463378906250e+02
-1.765828247070312500e+02
-1.622594299316406250e+02
-1.325048370361328125e+02
-1.293849334716796875e+02
-1.337588348388671875e+02
-1.312765960693359375e+02
-1.281252899169921875e+02
-1.264029541015625000e+02
-1.157148818969726562e+02
-1.054326400756835938e+02
-9.550505828857421875e+01
-1.085664215087890625e+02
-1.121674880981445312e+02
-9.723278045654296875e+01
-1.090716934204101562e+02
-9.962565612792968750e+01
-1.050812072753906250e+02
-1.043969650268554688e+02
-9.800611877441406250e+01
-1.168070144653320312e+02
-1.282921600341796875e+02
-1.431989288330078125e+02
-1.508230438232421875e+02
-1.585812835693359375e+02
-1.701231536865234375e+02
-1.587286529541015625e+02
-1.670917358398437500e+02
-1.670410156250000000e+02
-1.733334503173828125e+02
1.783242187500000000e+02
-1.726801605224609375e+02
-1.743709411621093750e+02
-1.603991699218750000e+02
-1.261059188842773438e+02
-1.306390991210937500e+02
-1.320983734130859375e+02
-1.294273529052734375e+02
-1.230343322753906250e+02
-1.190566864013671875e+02
-1.135267028808593750e+02
-1.096835021972656250e+02
-1.005982513427734375e+02
-1.004305114746093750e+02
-1.169298629760742188e+02
-1.025266494750976562e+02
-1.061217422485351562e+02
-1.051252136230468750e+02
-1.077320251464843750e+02
-9.885163879394531250e+01
-1.056738510131835938e+02
-1.246609268188476562e+02
-1.379739685058593750e+02
-1.512834472656250000e+02
-1.523550872802734375e+02
-1.592370758056640625e+02
-1.591688079833984375e+02
-1.542954559326171875e+02
-1.711237182617187500e+02
-1.794204864501953125e+02
-1.682481536865234375e+02
-1.782225341796875000e+02
-1.714579620361328125e+02
-1.603504333496093750e+02
-1.421011352539062500e+02
-1.236048660278320312e+02
-1.297478790283203125e+02
-1.284824829101562500e+02
-1.290363006591796875e+02
-1.234475021362304688e+02
-1.183225402832031250e+02
-1.224875335693359375e+02
-1.112516326904296875e+02
-1.052765197753906250e+02
-1.031496429443359375e+02
-1.086384429931640625e+02
-1.131612701416015625e+02
-1.056002120971679688e+02
-1.020093307495117188e+02
-1.128087158203125000e+02
-9.862989044189453125e+01
-1.108657913208007812e+02
-1.340201263427734375e+02
-1.386249237060546875e+02
-1.530877685546875000e+02
-1.535543670654296875e+02
-1.557490386962890625e+02
-1.663264007568359375e+02
-1.565591888427734375e+02
-1.588727111816406250e+02
-1.786753387451171875e+02
-1.702239227294921875e+02
-1.706647491455078125e+02
-1.685619049072265625e+02
-1.525924224853515625e+02
-1.246948547363281250e+02
-1.223031692504882812e+02
-1.267661972045898438e+02
-1.274191513061523438e+02
-1.262864532470703125e+02
-1.244779205322265625e+02
-1.194113769531250000e+02
-1.084844055175781250e+02
-9.842774963378906250e+01
-1.151011199951171875e+02
-1.183467407226562500e+02
-1.050983657836914062e+02
-1.195388336181640625e+02
-1.089104309082031250e+02
-1.119978179931640625e+02
-1.137978515625000000e+02
-1.041107254028320312e+02
-1.214876098632812500e+02
-1.353374481201171875e+02
-1.414382781982421875e+02
-1.494249725341796875e+02
-1.543753051757812500e+02
-1.584690704345703125e+02
-1.584484863281250000e+02
-1.529001770019531250e+02
-1.505339965820312500e+02
-1.659145355224609375e+02
-1.662994537353515625e+02
-1.636080474853515625e+02
-1.556417083740234375e+02
-1.527378540039062500e+02
-1.154839401245117188e+02
-1.204661407470703125e+02
-1.280532531738281250e+02
-1.252867660522460938e+02
-1.235213241577148438e+02
-1.272546920776367188e+02
-1.233052597045898438e+02
-1.288381500244140625e+02
-9.692108917236328125e+01
-1.155528945922851562e+02
-1.336243438720703125e+02
-1.171671142578125000e+02
-1.219428939819335938e+02
-1.133898010253906250e+02
-1.187689743041992188e+02
-1.141087875366210938e+02
-1.113780059814453125e+02
-1.230150299072265625e+02
-1.401210937500000000e+02
-1.465439453125000000e+02
-1.479464874267578125e+02
-1.489505157470703125e+02
-1.540206909179687500e+02
-1.358302917480468750e+02
-1.489973297119140625e+02
-1.494143218994140625e+02
-1.483365936279296875e+02
-1.572935791015625000e+02
-1.476058807373046875e+02
-1.514062042236328125e+02
-1.376885681152343750e+02
-1.107400894165039062e+02
-1.189252166748046875e+02
-1.257825393676757812e+02
-1.253582077026367188e+02
-1.248158340454101562e+02
-1.268915023803710938e+02
-1.255231552124023438e+02
-1.270163192749023438e+02
-1.193240585327148438e+02
-1.232755050659179688e+02
-1.377984619140625000e+02
-1.287250213623046875e+02
-1.302032928466796875e+02
-1.287445526123046875e+02
-1.270473937988281250e+02
-1.175017929077148438e+02
-1.184614334106445312e+02
-1.319482574462890625e+02
-1.406128387451171875e+02
-1.488358154296875000e+02
-1.443186187744140625e+02
-1.423143310546875000e+02
-1.366596832275390625e+02
-1.290858001708984375e+02
-1.407718658447265625e+02
-1.462230682373046875e+02
-1.356609954833984375e+02
-1.460751037597656250e+02
-1.410480194091796875e+02
-1.368845214843750000e+02
-1.232450256347656250e+02
-1.048598632812500000e+02
-1.175708999633789062e+02
-1.240024948120117188e+02
-1.240873947143554688e+02
-1.291568603515625000e+02
-1.313474273681640625e+02
-1.332767944335937500e+02
-1.321994781494140625e+02
-1.150531997680664062e+02
-1.311851654052734375e+02
-1.452469177246093750e+02
-1.404300231933593750e+02
-1.384895935058593750e+02
-1.373436584472656250e+02
-1.375720672607421875e+02
-1.222859039306640625e+02
-1.246365280151367188e+02
-1.367008972167968750e+02
-1.427286682128906250e+02
-1.471963195800781250e+02
-1.397841339111328125e+02
-1.384337615966796875e+02
-1.336766967773437500e+02
-1.198561859130859375e+02
-1.316216583251953125e+02
-1.393306121826171875e+02
-1.230985870361328125e+02
-1.337866668701171875e+02
-1.290443572998046875e+02
-1.243613433837890625e+02
-1.120487594604492188e+02
-9.989719390869140625e+01
-1.131105804443359375e+02
-1.190574417114257812e+02
-1.256894149780273438e+02
-1.334728546142578125e+02
-1.380000915527343750e+02
-1.440388183593750000e+02
-1.377897796630859375e+02
-1.320057678222656250e+02
-1.395912322998046875e+02
-1.536184234619140625e+02
-1.533534851074218750e+02
-1.485777893066406250e+02
-1.470853118896484375e+02
-1.465424499511718750e+02
-1.294993591308593750e+02
-1.318582153320312500e+02
-1.404078521728515625e+02
-1.434950561523437500e+02
-1.449013671875000000e+02
-1.384003906250000000e+02
-1.353846588134765625e+02
-1.289848022460937500e+02
-1.109992980957031250e+02
-1.216958007812500000e+02
-1.287587127685546875e+02
-1.126322631835937500e+02
-1.222761917114257812e+02
-1.192064056396484375e+02
-1.154868087768554688e+02
-1.034845352172851562e+02
-9.298376464843750000e+01
-1.062880249023437500e+02
-1.137406311035156250e+02
-1.242014617919921875e+02
-1.333283843994140625e+02
-1.392444152832031250e+02
-1.454662475585937500e+02
-1.476688232421875000e+02
-1.309958038330078125e+02
-1.508366241455078125e+02
-1.668361053466796875e+02
-1.624226989746093750e+02
-1.605772094726562500e+02
-1.587015380859375000e+02
-1.558227539062500000e+02
-1.392095031738281250e+02
-1.386918487548828125e+02
-1.446560974121093750e+02
-1.479288940429687500e+02
-1.489074401855468750e+02
-1.386021270751953125e+02
-1.336436614990234375e+02
-1.214287948608398438e+02
-1.067123031616210938e+02
-1.158716506958007812e+02
-1.184778594970703125e+02
-1.037899093627929688e+02
-1.162935867309570312e+02
-1.096295547485351562e+02
-1.093717575073242188e+02
-9.855836486816406250e+01
-8.465070343017578125e+01
-9.960841369628906250e+01
-1.136214904785156250e+02
-1.221288909912109375e+02
-1.299639739990234375e+02
-1.400024108886718750e+02
-1.438950653076171875e+02
-1.532887268066406250e+02
-1.444619750976562500e+02
-1.597447662353515625e+02
-1.766040802001953125e+02
-1.687590332031250000e+02
-1.707673492431640625e+02
-1.664084320068359375e+02
-1.637149505615234375e+02
-1.487976379394531250e+02
-1.422404327392578125e+02
-1.484054718017578125e+02
-1.530507202148437500e+02
-1.512325439453125000e+02
-1.411035156250000000e+02
-1.335140533447265625e+02
-1.181371383666992188e+02
-1.052163085937500000e+02
-1.096844100952148438e+02
-1.118900985717773438e+02
-9.971073913574218750e+01
-1.110293121337890625e+02
-1.049998550415039062e+02
-1.053337326049804688e+02
-9.414437103271484375e+01
-7.827139282226562500e+01
-9.491516113281250000e+01
-1.102664184570312500e+02
-1.176588592529296875e+02
-1.273793563842773438e+02
-1.390154876708984375e+02
-1.442656555175781250e+02
-1.538740234375000000e+02
