5.579770278930664062e+01
5.432073211669921875e+01
5.574809265136718750e+01
5.049761199951171875e+01
5.415851211547851562e+01
5.968950271606445312e+01
5.642691040039062500e+01
5.567613220214843750e+01
4.826068115234375000e+01
4.695568847656250000e+01
5.648598861694335938e+01
5.134811782836914062e+01
5.595913314819335938e+01
5.718235015869140625e+01
5.463887023925781250e+01
5.918259429931640625e+01
5.927593231201171875e+01
5.461812591552734375e+01
5.747673797607421875e+01
4.541705322265625000e+01
5.423089218139648438e+01
6.447459411621093750e+01
6.473076629638671875e+01
6.506045532226562500e+01
6.448755645751953125e+01
5.441971588134765625e+01
5.271683502197265625e+01
5.762269210815429688e+01
5.756264877319335938e+01
5.457147216796875000e+01
4.938697433471679688e+01
4.740619659423828125e+01
6.123590469360351562e+01
4.918581390380859375e+01
5.037876892089843750e+01
5.846497344970703125e+01
5.155579757690429688e+01
5.216170120239257812e+01
6.185796356201171875e+01
5.555913543701171875e+01
5.253174209594726562e+01
4.900314331054687500e+01
5.892879104614257812e+01
4.295367050170898438e+01
6.026146697998046875e+01
6.001653671264648438e+01
5.978261184692382812e+01
6.355049896240234375e+01
6.417746734619140625e+01
5.887633895874023438e+01
6.074420547485351562e+01
4.384952926635742188e+01
5.424625015258789062e+01
5.577762222290039062e+01
6.424069213867187500e+01
6.234583663940429688e+01
6.465132141113281250e+01
5.540315628051757812e+01
6.073546981811523438e+01
4.706342315673828125e+01
5.737035751342773438e+01
5.281128311157226562e+01
5.255719757080078125e+01
5.134085845947265625e+01
5.330839157104492188e+01
5.741474914550781250e+01
5.821214675903320312e+01
5.998402786254882812e+01
5.111101150512695312e+01
5.781506729125976562e+01
5.883001327514648438e+01
5.437844085693359375e+01
5.370105361938476562e+01
4.746633529663085938e+01
4.763675689697265625e+01
5.733417892456054688e+01
5.039244461059570312e+01
5.825897979736328125e+01
5.749998092651367188e+01
5.838354873657226562e+01
6.390707397460937500e+01
6.648409271240234375e+01
5.837248992919921875e+01
6.228264999389648438e+01
4.518755340576171875e+01
5.789424896240234375e+01
6.141868591308593750e+01
6.029249954223632812e+01
6.224588394165039062e+01
5.997512817382812500e+01
5.571735763549804688e+01
5.457596969604492188e+01
5.197511672973632812e+01
5.521183395385742188e+01
5.151673126220703125e+01
5.177209472656250000e+01
5.035486602783203125e+01
6.025787734985351562e+01
5.111107254028320312e+01
6.126227569580078125e+01
6.648701477050781250e+01
5.285528182983398438e+01
5.558581924438476562e+01
6.343211746215820312e+01
5.418823242187500000e+01
5.516269683837890625e+01
4.627851867675781250e+01
4.462990951538085938e+01
4.433686065673828125e+01
5.178979110717773438e+01
5.231341552734375000e+01
5.820622253417968750e+01
5.702448654174804688e+01
6.038515853881835938e+01
6.089807128906250000e+01
5.973042297363281250e+01
6.128353881835937500e+01
5.126164627075195312e+01
5.977668762207031250e+01
6.354610061645507812e+01
6.278624725341796875e+01
6.456680297851562500e+01
6.106251525878906250e+01
5.294345855712890625e+01
5.041889572143554688e+01
5.470626449584960938e+01
5.499569702148437500e+01
5.263835525512695312e+01
5.053220748901367188e+01
5.025385665893554688e+01
6.068598556518554688e+01
5.209006118774414062e+01
5.718721389770507812e+01
6.300344848632812500e+01
5.641580581665039062e+01
5.371712493896484375e+01
6.555004119873046875e+01
5.609737396240234375e+01
5.547591400146484375e+01
5.016988754272460938e+01
4.665058135986328125e+01
4.177470016479492188e+01
5.454890441894531250e+01
5.238565444946289062e+01
5.698129272460937500e+01
5.573811340332031250e+01
5.693111801147460938e+01
6.025752639770507812e+01
5.805483245849609375e+01
5.738875961303710938e+01
5.297976684570312500e+01
5.563236236572265625e+01
6.409253692626953125e+01
6.359369277954101562e+01
6.460172271728515625e+01
6.368322372436523438e+01
5.335736846923828125e+01
5.308834075927734375e+01
5.712632751464843750e+01
5.809029006958007812e+01
5.566114044189453125e+01
5.104388427734375000e+01
4.947075653076171875e+01
6.295982360839843750e+01
5.098181152343750000e+01
5.590850448608398438e+01
6.352652359008789062e+01
5.116243743896484375e+01
5.339474105834960938e+01
6.503578948974609375e+01
5.561717224121093750e+01
5.726967620849609375e+01
5.005077362060546875e+01
4.770121383666992188e+01
4.364591217041015625e+01
5.587936019897460938e+01
5.488483047485351562e+01
5.840059661865234375e+01
5.447312545776367188e+01
5.694878768920898438e+01
5.633898925781250000e+01
5.497531890869140625e+01
5.597570419311523438e+01
4.860713958740234375e+01
5.327728271484375000e+01
6.039041519165039062e+01
6.135736465454101562e+01
6.425104522705078125e+01
6.290577697753906250e+01
5.795975494384765625e+01
5.529436492919921875e+01
5.716595077514648438e+01
6.036982345581054688e+01
5.632069778442382812e+01
5.422964859008789062e+01
5.279961013793945312e+01
6.346160888671875000e+01
5.242297744750976562e+01
5.952010726928710938e+01
6.096463775634765625e+01
5.080659103393554688e+01
5.216160202026367188e+01
6.220820236206054688e+01
5.454538345336914062e+01
5.604079055786132812e+01
4.996911239624023438e+01
4.663055419921875000e+01
4.891816329956054688e+01
5.352761459350585938e+01
5.532940292358398438e+01
5.949163818359375000e+01
5.440080642700195312e+01
5.955672454833984375e+01
6.097618103027343750e+01
5.421428298950195312e+01
5.893880081176757812e+01
4.156053924560546875e+01
5.336251449584960938e+01
5.764392089843750000e+01
5.841330718994140625e+01
6.209550476074218750e+01
6.406287384033203125e+01
6.063841247558593750e+01
6.150212478637695312e+01
5.527071380615234375e+01
6.074048995971679688e+01
5.672193908691406250e+01
5.587129211425781250e+01
5.494012832641601562e+01
6.073540115356445312e+01
5.500275421142578125e+01
6.264884567260742188e+01
6.039792251586914062e+01
4.994342041015625000e+01
5.615471649169921875e+01
5.742312240600585938e+01
5.357338714599609375e+01
5.445393371582031250e+01
4.678906631469726562e+01
4.796113204956054688e+01
5.639823150634765625e+01
4.731500244140625000e+01
5.862798690795898438e+01
5.578695678710937500e+01
5.673065567016601562e+01
6.222432708740234375e+01
6.396005630493164062e+01
5.711074829101562500e+01
5.698758316040039062e+01
4.710601806640625000e+01
5.536827850341796875e+01
5.415106582641601562e+01
6.143482589721679688e+01
6.142095565795898438e+01
6.436653137207031250e+01
5.730678939819335938e+01
6.059164047241210938e+01
4.941571426391601562e+01
5.905057144165039062e+01
5.453695678710937500e+01
5.541493225097656250e+01
5.456283187866210938e+01
5.379603576660156250e+01
6.295075225830078125e+01
6.436170196533203125e+01
6.063722610473632812e+01
5.607518386840820312e+01
5.808669662475585938e+01
5.526349639892578125e+01
5.508355712890625000e+01
5.409894561767578125e+01
4.655161285400390625e+01
4.559181213378906250e+01
5.746101760864257812e+01
4.074824905395507812e+01
5.564013290405273438e+01
5.407107543945312500e+01
5.589059066772460938e+01
5.909257125854492188e+01
6.202729797363281250e+01
5.862487411499023438e+01
6.325993728637695312e+01
5.258459091186523438e+01
5.443874740600585938e+01
5.477260208129882812e+01
6.303149414062500000e+01
6.231174087524414062e+01
6.511968994140625000e+01
5.910985946655273438e+01
5.415372085571289062e+01
4.870133590698242188e+01
5.843909835815429688e+01
5.656167221069335938e+01
5.526535034179687500e+01
5.421080017089843750e+01
5.225468826293945312e+01
6.575932312011718750e+01
5.870323562622070312e+01
5.755896759033203125e+01
6.117672729492187500e+01
5.813188552856445312e+01
5.522266769409179688e+01
6.316339111328125000e+01
5.754199600219726562e+01
5.398178863525390625e+01
4.730505752563476562e+01
4.754560852050781250e+01
3.685272598266601562e+01
5.291367721557617188e+01
4.926794433593750000e+01
5.513574600219726562e+01
5.524875259399414062e+01
5.777738189697265625e+01
6.214937973022460938e+01
5.864787673950195312e+01
5.751591110229492188e+01
5.058778762817382812e+01
5.462100219726562500e+01
6.322357940673828125e+01
6.389871597290039062e+01
6.493275451660156250e+01
6.299232864379882812e+01
5.581816101074218750e+01
5.424414062500000000e+01
5.724539947509765625e+01
5.756726837158203125e+01
5.658362579345703125e+01
5.435626983642578125e+01
5.368434524536132812e+01
6.490520477294921875e+01
5.439018249511718750e+01
6.103631973266601562e+01
6.337854003906250000e+01
5.296073913574218750e+01
5.661273574829101562e+01
6.533750152587890625e+01
5.623371887207031250e+01
5.735176086425781250e+01
4.815457916259765625e+01
4.434612274169921875e+01
4.722222900390625000e+01
4.743646240234375000e+01
5.030323791503906250e+01
5.164383697509765625e+01
5.058919525146484375e+01
5.648696136474609375e+01
6.033909225463867188e+01
5.124956512451171875e+01
5.762285614013671875e+01
4.338066101074218750e+01
5.630109786987304688e+01
5.830175781250000000e+01
6.284553527832031250e+01
6.555441284179687500e+01
6.540046691894531250e+01
6.263497924804687500e+01
6.364635848999023438e+01
5.442594146728515625e+01
5.883372879028320312e+01
5.447923660278320312e+01
5.530960083007812500e+01
5.271903991699218750e+01
5.742436599731445312e+01
5.554328155517578125e+01
5.887307739257812500e+01
5.652857589721679688e+01
5.054225158691406250e+01
5.730079269409179688e+01
5.940537261962890625e+01
5.724170684814453125e+01
5.483303833007812500e+01
4.790778350830078125e+01
4.823216247558593750e+01
5.784877777099609375e+01
4.397410583496093750e+01
5.414123153686523438e+01
5.268940353393554688e+01
5.363500213623046875e+01
5.656448745727539062e+01
5.649553298950195312e+01
5.096242141723632812e+01
5.294732284545898438e+01
4.885847473144531250e+01
5.353800201416015625e+01
5.642765808105468750e+01
6.765271759033203125e+01
6.561423492431640625e+01
7.087451171875000000e+01
6.217790985107421875e+01
6.683501434326171875e+01
5.458636856079101562e+01
6.296969985961914062e+01
5.772309112548828125e+01
5.681378555297851562e+01
5.576958465576171875e+01
5.328776550292968750e+01
5.841540527343750000e+01
5.758064651489257812e+01
5.561878585815429688e+01
5.054737091064453125e+01
5.673086166381835938e+01
5.760197830200195312e+01
5.615241622924804688e+01
5.600069427490234375e+01
4.733743667602539062e+01
4.927363204956054688e+01
6.257547378540039062e+01
4.251866149902343750e+01
5.621870803833007812e+01
5.407705688476562500e+01
5.594668197631835938e+01
5.734095001220703125e+01
5.935335540771484375e+01
5.168019104003906250e+01
5.549607849121093750e+01
4.746425247192382812e+01
5.310154724121093750e+01
5.578225708007812500e+01
6.514576721191406250e+01
6.530371093750000000e+01
6.943955993652343750e+01
6.245900726318359375e+01
6.528904724121093750e+01
5.358940887451171875e+01
6.408271789550781250e+01
5.759059143066406250e+01
5.767068862915039062e+01
5.672732162475585938e+01
5.238505554199218750e+01
5.954636001586914062e+01
5.628946304321289062e+01
5.588404083251953125e+01
5.052179336547851562e+01
5.518299102783203125e+01
5.457310104370117188e+01
5.331319427490234375e+01
5.281653594970703125e+01
4.617082595825195312e+01
4.618042755126953125e+01
5.825673294067382812e+01
4.135526275634765625e+01
5.579686737060546875e+01
5.534344863891601562e+01
5.856648254394531250e+01
5.637083435058593750e+01
6.254965209960937500e+01
5.229082107543945312e+01
5.693921661376953125e+01
5.001181793212890625e+01
5.348363113403320312e+01
5.591037368774414062e+01
6.480373382568359375e+01
6.336796951293945312e+01
6.827396392822265625e+01
5.884442138671875000e+01
6.256917190551757812e+01
5.308035659790039062e+01
6.226858901977539062e+01
5.718911361694335938e+01
5.800532913208007812e+01
5.281732940673828125e+01
5.322830200195312500e+01
5.943373107910156250e+01
5.783659362792968750e+01
5.731016540527343750e+01
5.086941909790039062e+01
5.557535934448242188e+01
5.422930526733398438e+01
5.080887222290039062e+01
5.134955215454101562e+01
4.380858612060546875e+01
4.394832611083984375e+01
5.871698379516601562e+01
4.082816696166992188e+01
5.552701568603515625e+01
5.703782272338867188e+01
5.495073699951171875e+01
6.119160461425781250e+01
6.451761627197265625e+01
5.664181518554687500e+01
6.046059799194335938e+01
5.330561828613281250e+01
5.916353607177734375e+01
6.081749343872070312e+01
6.569099426269531250e+01
6.679685974121093750e+01
6.579112243652343750e+01
5.848231506347656250e+01
6.163434219360351562e+01
5.188112640380859375e+01
5.996346664428710938e+01
5.582335662841796875e+01
5.426775360107421875e+01
5.186148452758789062e+01
5.497229003906250000e+01
5.794337844848632812e+01
6.017687606811523438e+01
5.773236465454101562e+01
5.036476516723632812e+01
5.468543243408203125e+01
5.678610992431640625e+01
5.204167938232421875e+01
4.944706726074218750e+01
4.257574081420898438e+01
4.190635681152343750e+01
5.232615661621093750e+01
4.528252410888671875e+01
5.188087844848632812e+01
5.412743759155273438e+01
5.633526992797851562e+01
6.043301010131835938e+01
6.638657379150390625e+01
6.015973281860351562e+01
6.546462249755859375e+01
5.071912384033203125e+01
6.234699249267578125e+01
6.524591064453125000e+01
6.607132720947265625e+01
6.661009216308593750e+01
6.510643768310546875e+01
5.975425338745117188e+01
5.658179473876953125e+01
5.650416946411132812e+01
5.726782608032226562e+01
5.256540298461914062e+01
5.155577468872070312e+01
4.839681243896484375e+01
5.812070846557617188e+01
5.011135864257812500e+01
5.771017456054687500e+01
6.057801437377929688e+01
4.879412078857421875e+01
5.122328567504882812e+01
6.193901062011718750e+01
4.947882080078125000e+01
5.290642166137695312e+01
4.555729675292968750e+01
4.442632293701171875e+01
4.369178771972656250e+01
5.162724685668945312e+01
5.238876342773437500e+01
5.792440414428710938e+01
5.726412200927734375e+01
6.011995315551757812e+01
6.340138244628906250e+01
6.564649200439453125e+01
6.129621505737304688e+01
5.538920211791992188e+01
6.065849304199218750e+01
6.797058105468750000e+01
6.742327117919921875e+01
7.049298095703125000e+01
6.467519378662109375e+01
5.749761199951171875e+01
5.114981079101562500e+01
5.846659088134765625e+01
5.495321273803710938e+01
5.132801437377929688e+01
4.916278457641601562e+01
4.685169982910156250e+01
5.499541473388671875e+01
5.124656295776367188e+01
5.169255065917968750e+01
5.136653137207031250e+01
5.355455017089843750e+01
5.054374694824218750e+01
5.288953018188476562e+01
5.393953323364257812e+01
4.834079742431640625e+01
4.928691101074218750e+01
6.611682128906250000e+01
4.470954132080078125e+01
6.145066452026367188e+01
5.885805511474609375e+01
5.980354690551757812e+01
6.470878601074218750e+01
6.543524932861328125e+01
5.851464843750000000e+01
6.029501342773437500e+01
4.933843231201171875e+01
6.011869049072265625e+01
5.931253814697265625e+01
6.491529083251953125e+01
6.599938964843750000e+01
6.589221954345703125e+01
6.209103012084960938e+01
6.268933486938476562e+01
5.255835723876953125e+01
5.868340682983398438e+01
5.036557769775390625e+01
5.247275543212890625e+01
4.952956390380859375e+01
5.519962310791015625e+01
4.806840515136718750e+01
5.442861938476562500e+01
5.704581832885742188e+01
4.517721176147460938e+01
4.820343399047851562e+01
5.767222595214843750e+01
5.091414642333984375e+01
5.489567184448242188e+01
5.105749130249023438e+01
4.618853378295898438e+01
4.846540069580078125e+01
5.839853286743164062e+01
5.860857772827148438e+01
6.570459747314453125e+01
6.289268493652343750e+01
6.563726043701171875e+01
6.591896057128906250e+01
6.400193786621093750e+01
5.863626480102539062e+01
5.178166198730468750e+01
5.390504455566406250e+01
6.203839874267578125e+01
6.063932800292968750e+01
6.321337509155273438e+01
6.116567611694335938e+01
5.004758453369140625e+01
4.685575866699218750e+01
5.587894821166992188e+01
5.330471420288085938e+01
5.178204727172851562e+01
4.817320251464843750e+01
4.668888092041015625e+01
5.745465087890625000e+01
5.081155014038085938e+01
5.267958450317382812e+01
5.407959747314453125e+01
5.251547241210937500e+01
5.247227478027343750e+01
5.320717239379882812e+01
5.542045593261718750e+01
4.982309722900390625e+01
4.918056106567382812e+01
6.336833190917968750e+01
4.722690963745117188e+01
6.192579650878906250e+01
6.224697875976562500e+01
6.267530059814453125e+01
6.788232421875000000e+01
6.954818725585937500e+01
6.036741256713867188e+01
6.239385223388671875e+01
4.875807571411132812e+01
5.888649749755859375e+01
5.790042114257812500e+01
6.126975631713867188e+01
6.197978210449218750e+01
6.133940124511718750e+01
5.232009506225585938e+01
5.783559036254882812e+01
4.605250167846679688e+01
5.308119201660156250e+01
4.933649444580078125e+01
5.082254028320312500e+01
4.858151626586914062e+01
5.474081039428710938e+01
5.087780380249023438e+01
5.955844497680664062e+01
6.205379104614257812e+01
4.981430053710937500e+01
5.461853027343750000e+01
6.122365188598632812e+01
5.784753799438476562e+01
5.673013305664062500e+01
5.002886962890625000e+01
4.833105468750000000e+01
4.626448822021484375e+01
5.563867568969726562e+01
5.722159576416015625e+01
6.180565261840820312e+01
6.084132385253906250e+01
6.325562667846679688e+01
6.484061431884765625e+01
6.213249588012695312e+01
6.023108673095703125e+01
5.106271743774414062e+01
5.572808074951171875e+01
6.294712829589843750e+01
6.246344757080078125e+01
6.043669128417968750e+01
5.730130004882812500e+01
4.759445190429687500e+01
4.416667938232421875e+01
5.145490264892578125e+01
5.099715423583984375e+01
4.956195068359375000e+01
4.794432830810546875e+01
4.472130203247070312e+01
6.067364501953125000e+01
5.167613983154296875e+01
5.317562484741210938e+01
5.922442626953125000e+01
5.810827255249023438e+01
5.804664993286132812e+01
6.564770507812500000e+01
6.072269821166992188e+01
5.614884185791015625e+01
5.216706466674804688e+01
6.087350845336914062e+01
4.576733398437500000e+01
6.011809539794921875e+01
5.815977859497070312e+01
5.856613540649414062e+01
6.178017425537109375e+01
6.322624206542968750e+01
5.785951614379882812e+01
6.071347045898437500e+01
5.256400680541992188e+01
5.288240814208984375e+01
5.328571701049804688e+01
6.773989868164062500e+01
5.920537948608398438e+01
6.308192825317382812e+01
5.539909362792968750e+01
5.543834686279296875e+01
4.387467575073242188e+01
5.193971633911132812e+01
4.863137435913085938e+01
4.794682693481445312e+01
4.721994781494140625e+01
4.912934494018554688e+01
5.604283142089843750e+01
5.562988662719726562e+01
5.795246124267578125e+01
5.191652297973632812e+01
6.112896347045898438e+01
6.503617095947265625e+01
6.097219848632812500e+01
6.276493835449218750e+01
5.357421875000000000e+01
5.392821884155273438e+01
6.486059570312500000e+01
4.981916427612304688e+01
6.164508056640625000e+01
5.885303497314453125e+01
5.726079559326171875e+01
6.136845016479492188e+01
6.016875076293945312e+01
5.261679840087890625e+01
5.530096817016601562e+01
4.567778015136718750e+01
5.320890045166015625e+01
5.516608047485351562e+01
6.074114608764648438e+01
5.953804397583007812e+01
6.262225723266601562e+01
5.577735519409179688e+01
6.205819702148437500e+01
4.745620346069335938e+01
5.622499465942382812e+01
5.105253219604492188e+01
5.360037994384765625e+01
5.132604980468750000e+01
5.545511627197265625e+01
5.345929336547851562e+01
5.938291549682617188e+01
5.515621948242187500e+01
5.236845779418945312e+01
5.974779129028320312e+01
6.294860839843750000e+01
6.070320510864257812e+01
6.049572372436523438e+01
5.376782989501953125e+01
4.996203613281250000e+01
5.615892791748046875e+01
5.616123580932617188e+01
5.871826934814453125e+01
6.026376342773437500e+01
5.778292465209960938e+01
6.019135665893554688e+01
6.032973480224609375e+01
5.265124511718750000e+01
5.424687576293945312e+01
4.224360275268554688e+01
5.234049224853515625e+01
5.143790817260742188e+01
5.470117187500000000e+01
5.772363662719726562e+01
5.859717559814453125e+01
5.592121505737304688e+01
5.625008773803710938e+01
5.303961563110351562e+01
5.668281936645507812e+01
5.585360717773437500e+01
5.465805053710937500e+01
5.368906784057617188e+01
6.086361694335937500e+01
5.562479400634765625e+01
6.170746612548828125e+01
5.353504180908203125e+01
5.542793273925781250e+01
5.658179092407226562e+01
6.375220108032226562e+01
5.841161346435546875e+01
5.836820983886718750e+01
5.249457168579101562e+01
4.993071365356445312e+01
4.912632369995117188e+01
5.687501907348632812e+01
5.887239456176757812e+01
6.220109176635742188e+01
5.853813552856445312e+01
5.820099258422851562e+01
6.077472305297851562e+01
5.402651596069335938e+01
5.559541320800781250e+01
4.832765197753906250e+01
4.903168869018554688e+01
5.200685501098632812e+01
5.468972396850585938e+01
5.481391525268554688e+01
5.642221450805664062e+01
5.236694717407226562e+01
5.160264587402343750e+01
5.414875030517578125e+01
5.785447692871093750e+01
5.650488281250000000e+01
5.598015213012695312e+01
5.609511566162109375e+01
6.659058380126953125e+01
5.762794494628906250e+01
6.089134216308593750e+01
5.769069671630859375e+01
5.854219436645507812e+01
5.958482360839843750e+01
6.746913146972656250e+01
5.910642242431640625e+01
5.732165145874023438e+01
5.243954467773437500e+01
4.924885559082031250e+01
4.355820465087890625e+01
5.649463272094726562e+01
5.461742782592773438e+01
6.084525299072265625e+01
5.327606582641601562e+01
5.794147109985351562e+01
5.955745315551757812e+01
5.390292739868164062e+01
5.863697814941406250e+01
4.733374404907226562e+01
4.832839202880859375e+01
5.673796463012695312e+01
5.522503662109375000e+01
5.789631652832031250e+01
5.724163055419921875e+01
4.739903640747070312e+01
4.696063232421875000e+01
5.293596649169921875e+01
5.465434646606445312e+01
5.348249053955078125e+01
5.250365829467773438e+01
5.363037490844726562e+01
6.430777740478515625e+01
5.712601852416992188e+01
6.125381469726562500e+01
5.904514694213867188e+01
5.860729217529296875e+01
6.180684661865234375e+01
6.757717895507812500e+01
6.172442626953125000e+01
5.959020996093750000e+01
5.356180953979492188e+01
5.194603347778320312e+01
4.110739898681640625e+01
5.522619247436523438e+01
5.347401046752929688e+01
5.587046813964843750e+01
5.428640747070312500e+01
5.463441085815429688e+01
5.359175109863281250e+01
5.561514663696289062e+01
5.770396041870117188e+01
4.471800994873046875e+01
4.927864837646484375e+01
5.789782714843750000e+01
5.931911468505859375e+01
6.181517410278320312e+01
6.079959869384765625e+01
5.322602462768554688e+01
4.760767745971679688e+01
5.768648147583007812e+01
5.679125976562500000e+01
5.303238296508789062e+01
5.330569839477539062e+01
5.056618881225585938e+01
6.177096176147460938e+01
5.770324707031250000e+01
5.696528625488281250e+01
4.869054794311523438e+01
6.053841400146484375e+01
5.951557922363281250e+01
6.399422836303710938e+01
6.223584365844726562e+01
5.735920715332031250e+01
5.196466064453125000e+01
5.736970901489257812e+01
4.164547348022460938e+01
5.749077606201171875e+01
5.393086624145507812e+01
5.550993347167968750e+01
5.277861785888671875e+01
5.619791412353515625e+01
5.047386932373046875e+01
5.620097732543945312e+01
5.657536697387695312e+01
4.498313903808593750e+01
4.840679550170898438e+01
5.958527374267578125e+01
5.897438812255859375e+01
6.419115447998046875e+01
6.036502838134765625e+01
5.711317825317382812e+01
4.996916580200195312e+01
6.160451126098632812e+01
5.754468536376953125e+01
5.530078506469726562e+01
5.795463943481445312e+01
5.539054489135742188e+01
6.173077392578125000e+01
6.011965942382812500e+01
5.978192138671875000e+01
4.828308486938476562e+01
5.853078079223632812e+01
5.930599212646484375e+01
5.709904098510742188e+01
5.921720886230468750e+01
4.957425689697265625e+01
4.921804428100585938e+01
6.331745147705078125e+01
4.144982147216796875e+01
5.632669067382812500e+01
5.287806320190429688e+01
5.518512344360351562e+01
5.487968826293945312e+01
6.009648513793945312e+01
4.764995193481445312e+01
5.024920654296875000e+01
5.049002456665039062e+01
4.653526687622070312e+01
4.794237899780273438e+01
5.891180801391601562e+01
5.944385528564453125e+01
6.270154190063476562e+01
5.429646301269531250e+01
6.173215103149414062e+01
5.231763076782226562e+01
6.156268310546875000e+01
5.613253021240234375e+01
5.908286666870117188e+01
5.858595657348632812e+01
6.123310470581054688e+01
6.593439483642578125e+01
6.562545013427734375e+01
5.891226577758789062e+01
5.470562362670898438e+01
6.006527709960937500e+01
6.256314086914062500e+01
5.822650146484375000e+01
5.534677124023437500e+01
4.618664169311523438e+01
4.434054565429687500e+01
5.447497940063476562e+01
4.508368682861328125e+01
4.915421676635742188e+01
5.277624893188476562e+01
5.104778289794921875e+01
5.245749282836914062e+01
5.974306488037109375e+01
4.903390121459960938e+01
5.340515518188476562e+01
4.642409515380859375e+01
5.114006423950195312e+01
5.600532913208007812e+01
5.973204040527343750e+01
6.157130813598632812e+01
5.893639755249023438e+01
5.312230300903320312e+01
5.028529357910156250e+01
5.849285888671875000e+01
5.864340972900390625e+01
5.814334487915039062e+01
5.767127609252929688e+01
5.821603775024414062e+01
6.928564453125000000e+01
5.983447265625000000e+01
6.294208526611328125e+01
5.948495101928710938e+01
5.931817245483398438e+01
5.994451904296875000e+01
6.822789764404296875e+01
5.880355072021484375e+01
5.681423187255859375e+01
4.815689086914062500e+01
4.783636474609375000e+01
3.753796005249023438e+01
5.014292907714843750e+01
4.982164382934570312e+01
5.219501113891601562e+01
