-1.543299007415771484e+01
-1.595016193389892578e+01
-2.354563903808593750e+01
-2.674938774108886719e+01
-2.397528266906738281e+01
-1.421780300140380859e+01
-2.360480499267578125e+01
-2.875370979309082031e+01
-2.825376510620117188e+01
-2.551267433166503906e+01
-1.957477951049804688e+01
-1.356075477600097656e+01
-1.359380722045898438e+01
-1.632764816284179688e+01
-1.467091846466064453e+01
-1.531906604766845703e+01
-1.909748840332031250e+01
-1.769805908203125000e+01
-1.697387504577636719e+01
-1.546330738067626953e+01
-1.370981216430664062e+01
-1.328341293334960938e+01
-9.225205421447753906e+00
-1.378838920593261719e+01
-9.771582603454589844e+00
-6.724300384521484375e+00
-3.985274553298950195e+00
-2.757732152938842773e+00
-2.758781194686889648e+00
-1.049500560760498047e+01
-1.791690444946289062e+01
-1.048050498962402344e+01
-2.277387857437133789e+00
-1.217467021942138672e+01
-1.293787193298339844e+01
-1.755737876892089844e+01
-1.537395477294921875e+01
-1.754822921752929688e+01
-1.342997360229492188e+01
-5.153238296508789062e+00
-1.004264450073242188e+01
-1.664867401123046875e+01
-2.240958595275878906e+01
-1.548883247375488281e+01
-1.509205245971679688e+01
-1.322309684753417969e+01
-1.432820510864257812e+01
-1.765363693237304688e+01
-1.743535423278808594e+01
-1.822995185852050781e+01
-2.048993682861328125e+01
-1.829698944091796875e+01
-1.869523239135742188e+01
-1.996315193176269531e+01
-1.304093360900878906e+01
-6.008076667785644531e+00
-1.384267234802246094e+01
-1.519090080261230469e+01
-1.157604312896728516e+01
-7.159500122070312500e+00
-3.843199014663696289e+00
-4.633062362670898438e+00
-6.271776676177978516e+00
-1.542700672149658203e+01
-2.281142234802246094e+01
-1.952931213378906250e+01
-2.395928001403808594e+01
-2.181149864196777344e+01
-2.446426391601562500e+01
-2.276057815551757812e+01
-2.590259361267089844e+01
-2.803919982910156250e+01
-1.829761695861816406e+01
-1.525820255279541016e+01
-2.240617942810058594e+01
-3.090508651733398438e+01
-2.713560295104980469e+01
-2.035582351684570312e+01
-1.888245391845703125e+01
-1.193118286132812500e+01
-1.435074806213378906e+01
-1.757638931274414062e+01
-1.740425872802734375e+01
-1.812548446655273438e+01
-2.060810089111328125e+01
-1.735593414306640625e+01
-1.615645980834960938e+01
-1.240459918975830078e+01
-1.229330635070800781e+01
-4.520302295684814453e+00
-3.784588351845741272e-02
-1.193647003173828125e+01
-1.254918956756591797e+01
-3.402434825897216797e+00
7.651097774505615234e+00
-4.077877044677734375e+00
-1.029204559326171875e+01
-1.645489120483398438e+01
-1.678668594360351562e+01
-1.426962471008300781e+01
-1.078374290466308594e+01
-1.125736331939697266e+01
-1.295309543609619141e+01
-1.520664119720458984e+01
-1.603073120117187500e+01
-1.864034843444824219e+01
-1.361901855468750000e+01
-7.947415351867675781e+00
-1.271713542938232422e+01
-1.965099906921386719e+01
-1.951829719543457031e+01
-1.703019332885742188e+01
-1.730333709716796875e+01
-1.370707893371582031e+01
-1.609854316711425781e+01
-2.083348274230957031e+01
-1.792050170898437500e+01
-1.843120002746582031e+01
-1.843727302551269531e+01
-1.695976638793945312e+01
-1.752272224426269531e+01
-8.712730407714843750e+00
-8.024016380310058594e+00
-2.868289351463317871e-01
-4.352295398712158203e+00
-1.009987735748291016e+01
-1.338712596893310547e+01
-7.233033180236816406e+00
-3.733771085739135742e+00
-1.060072898864746094e+01
-1.409368133544921875e+01
-1.989725685119628906e+01
-2.283648300170898438e+01
-2.081051063537597656e+01
-2.123711395263671875e+01
-2.158326911926269531e+01
-2.196772575378417969e+01
-2.173398780822753906e+01
-2.509840011596679688e+01
-2.719988441467285156e+01
-1.501765823364257812e+01
-1.657378768920898438e+01
-2.261805343627929688e+01
-3.229370880126953125e+01
-2.774976539611816406e+01
-2.273324966430664062e+01
-2.059388160705566406e+01
-1.442972946166992188e+01
-1.684080505371093750e+01
-1.537455081939697266e+01
-1.513764286041259766e+01
-1.262990379333496094e+01
-8.798616409301757812e+00
-1.482461452484130859e+01
-2.280353927612304688e+01
-1.156055736541748047e+01
-5.843551754951477051e-01
-3.839517354965209961e+00
-1.170922183990478516e+01
-1.339991950988769531e+01
-3.270037889480590820e+00
-7.991085052490234375e+00
-2.793984174728393555e+00
-6.454982280731201172e+00
-1.162382125854492188e+01
-1.447316074371337891e+01
-1.557518577575683594e+01
-1.323597526550292969e+01
-1.123434352874755859e+01
-1.298204326629638672e+01
-1.619416427612304688e+01
-1.657624435424804688e+01
-1.877096939086914062e+01
-2.061336135864257812e+01
-1.132236480712890625e+01
-1.104082679748535156e+01
-1.465022850036621094e+01
-2.320735740661621094e+01
-2.163484382629394531e+01
-1.847679328918457031e+01
-1.632097816467285156e+01
-1.409084033966064453e+01
-1.445281028747558594e+01
-9.272875785827636719e+00
-1.298792552947998047e+01
-1.229139518737792969e+01
-3.260907649993896484e+00
-1.212493228912353516e+01
-2.083835411071777344e+01
-1.401568508148193359e+01
-1.069701480865478516e+01
-1.277165412902832031e+00
-1.249709606170654297e+01
-1.323103618621826172e+01
-1.427902412414550781e+01
-1.188662242889404297e+01
-4.291295528411865234e+00
-1.231718730926513672e+01
-1.559049797058105469e+01
-2.082097434997558594e+01
-2.023967933654785156e+01
-1.963068771362304688e+01
-2.050558853149414062e+01
-2.104891395568847656e+01
-2.230779838562011719e+01
-2.224125671386718750e+01
-2.677271270751953125e+01
-2.864881515502929688e+01
-1.479326915740966797e+01
-1.942621803283691406e+01
-2.631372261047363281e+01
-2.841022682189941406e+01
-2.502982902526855469e+01
-1.456899166107177734e+01
-6.015745639801025391e+00
-1.204599571228027344e+01
-2.448694038391113281e+01
-8.904869079589843750e+00
-4.478697776794433594e+00
-1.403425407409667969e+01
-1.690265274047851562e+01
-2.072440910339355469e+01
-1.156304550170898438e+01
-1.094176864624023438e+01
-1.508480930328369141e+01
-3.876750946044921875e+00
-1.181241130828857422e+01
-1.082100486755371094e+01
-6.511275768280029297e+00
-7.709655284881591797e+00
-1.558833599090576172e+00
-8.069858551025390625e+00
-1.148477077484130859e+01
-1.640035247802734375e+01
-1.706191062927246094e+01
-1.378936576843261719e+01
-1.278523635864257812e+01
-1.405008411407470703e+01
-1.743862533569335938e+01
-1.928578567504882812e+01
-2.124278068542480469e+01
-2.205729103088378906e+01
-1.037110328674316406e+01
-1.333389186859130859e+01
-1.495192813873291016e+01
-1.423649311065673828e+01
-1.120988655090332031e+01
-7.563816547393798828e+00
2.291621208190917969e+00
-1.213212680816650391e+01
-1.884200668334960938e+01
-1.663799858093261719e+01
-1.623871803283691406e+01
-1.225741291046142578e+01
-1.272603893280029297e+01
-1.757939338684082031e+01
-2.005278015136718750e+01
-1.426194190979003906e+01
-8.382017135620117188e+00
-6.990580558776855469e+00
-1.498784255981445312e+01
-1.161919975280761719e+01
-1.163757038116455078e+01
-7.191584110260009766e+00
-3.526149988174438477e+00
-1.158764553070068359e+01
-1.544104957580566406e+01
-1.988069534301757812e+01
-2.102221488952636719e+01
-2.111446189880371094e+01
-2.101626396179199219e+01
-2.268920135498046875e+01
-2.366417503356933594e+01
-2.155148315429687500e+01
-2.639521026611328125e+01
-2.118518066406250000e+01
-5.589038372039794922e+00
-2.035026741027832031e+01
-3.398400115966796875e+01
-2.507154083251953125e+01
-1.035781192779541016e+01
-1.448236942291259766e+01
-1.304494190216064453e+01
-1.664651489257812500e+01
-1.693777656555175781e+01
-1.282827377319335938e+01
-1.473235607147216797e+01
-1.461762428283691406e+01
-1.618554306030273438e+01
-1.558833789825439453e+01
-1.376432704925537109e+01
-1.300896835327148438e+01
-1.376397895812988281e+01
-4.395390987396240234e+00
-1.113895320892333984e+01
-9.451808929443359375e+00
-5.614855766296386719e+00
-6.852916240692138672e+00
-2.338428735733032227e+00
-9.163906097412109375e+00
-1.398968219757080078e+01
-1.826560020446777344e+01
-1.783764457702636719e+01
-1.546511459350585938e+01
-1.374335479736328125e+01
-1.618448638916015625e+01
-1.752804565429687500e+01
-1.179320526123046875e+01
-1.808152198791503906e+01
-1.522327804565429688e+01
6.143267154693603516e+00
-1.127269935607910156e+01
-1.741469192504882812e+01
-2.259057617187500000e+01
-1.518121719360351562e+01
-9.773556709289550781e+00
-9.146859169006347656e+00
-1.427615356445312500e+01
-1.708766746520996094e+01
-1.665936851501464844e+01
-1.544265365600585938e+01
-1.799648666381835938e+01
-1.562394523620605469e+01
-1.645642280578613281e+01
-1.660263442993164062e+01
-1.095072937011718750e+01
-5.316664218902587891e+00
-8.439527511596679688e+00
-1.280107021331787109e+01
-9.227330207824707031e+00
-1.276753520965576172e+01
-6.950739860534667969e+00
-6.386565208435058594e+00
-1.383215427398681641e+01
-1.751102066040039062e+01
-1.904566764831542969e+01
-2.021456336975097656e+01
-1.665203475952148438e+01
-1.325662899017333984e+01
-2.361472129821777344e+01
-2.418371582031250000e+01
-1.303960895538330078e+01
-2.224069213867187500e+01
-1.969100189208984375e+01
-1.058514690399169922e+01
-1.990628051757812500e+01
-2.804133987426757812e+01
-2.557510757446289062e+01
-2.047617912292480469e+01
-1.695695304870605469e+01
-1.188302707672119141e+01
-1.204651451110839844e+01
-1.593397235870361328e+01
-1.466535377502441406e+01
-1.635778427124023438e+01
-1.895893859863281250e+01
-1.598957061767578125e+01
-1.521205234527587891e+01
-1.264990520477294922e+01
-1.232328891754150391e+01
-1.025423812866210938e+01
-7.827138423919677734e+00
-1.561113548278808594e+01
-1.103456783294677734e+01
-1.081983280181884766e+01
-8.201660156250000000e+00
-4.179444313049316406e+00
-1.227099418640136719e+01
-1.632222557067871094e+01
-1.261900424957275391e+01
-1.469010257720947266e+01
-8.190956115722656250e+00
-3.834046125411987305e+00
-1.607838249206542969e+01
-1.779217147827148438e+01
-1.598001003265380859e+01
-2.046078872680664062e+01
-1.300243949890136719e+01
-3.876697063446044922e+00
-1.311082839965820312e+01
-1.837360572814941406e+01
-2.314700698852539062e+01
-1.510214138031005859e+01
-1.438545608520507812e+01
-1.179506874084472656e+01
-1.429746818542480469e+01
-1.631112861633300781e+01
-1.389540576934814453e+01
-1.517088508605957031e+01
-1.813903236389160156e+01
-1.451744079589843750e+01
-1.659324645996093750e+01
-1.714100265502929688e+01
-1.292090797424316406e+01
-6.047179698944091797e+00
-1.304821872711181641e+01
-1.570779418945312500e+01
-9.412622451782226562e+00
-1.180997180938720703e+01
-8.768231868743896484e-01
-1.565921545028686523e+00
-1.335078716278076172e+01
-1.885203361511230469e+01
-1.568004512786865234e+01
-1.573513889312744141e+01
-1.773785018920898438e+01
-1.786544990539550781e+01
-2.268362617492675781e+01
-2.119089889526367188e+01
-2.245751380920410156e+01
-2.659967422485351562e+01
-1.816786766052246094e+01
-1.431461524963378906e+01
-2.104385185241699219e+01
-2.985340881347656250e+01
-2.690876007080078125e+01
-2.011478424072265625e+01
-2.041689300537109375e+01
-1.190295791625976562e+01
-1.411743164062500000e+01
-1.534695911407470703e+01
-1.486083889007568359e+01
-1.558681488037109375e+01
-1.854773521423339844e+01
-1.651908874511718750e+01
-1.775759696960449219e+01
-1.687775230407714844e+01
-1.446276664733886719e+01
-9.837367057800292969e+00
-9.973783493041992188e+00
-1.381526565551757812e+01
-1.678325414657592773e+00
-6.454682826995849609e+00
4.670091629028320312e+00
5.782396316528320312e+00
-1.176950645446777344e+01
-1.736250495910644531e+01
-1.552910423278808594e+01
-1.667444801330566406e+01
-8.666875839233398438e+00
-9.489182472229003906e+00
-1.523454952239990234e+01
-1.875605392456054688e+01
-1.896753692626953125e+01
-1.907017707824707031e+01
-1.333652973175048828e+01
-6.177779197692871094e+00
-1.107197093963623047e+01
-1.782568168640136719e+01
-1.929341125488281250e+01
-1.555316734313964844e+01
-1.473522853851318359e+01
-9.886528015136718750e+00
-1.365403175354003906e+01
-1.641088294982910156e+01
-1.683632278442382812e+01
-1.767987632751464844e+01
-1.776526832580566406e+01
-1.714228630065917969e+01
-1.542147636413574219e+01
-1.489828205108642578e+01
-7.268174171447753906e+00
5.014197349548339844e+00
-1.303021717071533203e+01
-1.965642929077148438e+01
-3.188826560974121094e+00
-4.846899986267089844e+00
-2.884471416473388672e+00
-8.567602157592773438e+00
-1.476528644561767578e+01
-1.766760253906250000e+01
-1.957516860961914062e+01
-1.906040954589843750e+01
-1.884283828735351562e+01
-2.031771850585937500e+01
-2.156625556945800781e+01
-2.118285942077636719e+01
-2.429796600341796875e+01
-2.768782234191894531e+01
-1.513363838195800781e+01
-1.660739707946777344e+01
-2.349477195739746094e+01
-3.167798805236816406e+01
-2.674360656738281250e+01
-1.943400764465332031e+01
-1.793239593505859375e+01
-1.277260398864746094e+01
-1.669430923461914062e+01
-1.625776290893554688e+01
-1.814742660522460938e+01
-1.782299995422363281e+01
-1.763321876525878906e+01
-1.684146308898925781e+01
-7.749228954315185547e+00
-9.655528068542480469e+00
-9.615480422973632812e+00
9.322730064392089844e+00
-9.867892265319824219e+00
-1.766227149963378906e+01
-5.725195884704589844e+00
-1.010907840728759766e+01
1.467171549797058105e+00
-4.180343151092529297e+00
-1.194542884826660156e+01
-1.799982452392578125e+01
-1.833224678039550781e+01
-1.440085792541503906e+01
-1.223409938812255859e+01
-1.150719356536865234e+01
-1.447202682495117188e+01
-1.614334869384765625e+01
-1.744469261169433594e+01
-1.948809623718261719e+01
-1.054306221008300781e+01
-8.664027214050292969e+00
-1.232884407043457031e+01
-1.954133987426757812e+01
-2.023303031921386719e+01
-1.739740180969238281e+01
-1.549157238006591797e+01
-1.367385578155517578e+01
-1.071804237365722656e+01
-1.578279018402099609e+01
-1.181366157531738281e+01
-8.558526992797851562e+00
-1.728782272338867188e+01
-2.516650390625000000e+01
-1.389975547790527344e+01
-2.264814615249633789e+00
-7.613658905029296875e+00
-5.168544292449951172e+00
-1.587385654449462891e+01
-9.329622268676757812e+00
-9.807914733886718750e+00
-1.041913890838623047e+01
-3.420693874359130859e+00
-1.130855274200439453e+01
-1.396603488922119141e+01
-1.897829818725585938e+01
-1.983088874816894531e+01
-2.025778770446777344e+01
-2.034470558166503906e+01
-2.188896942138671875e+01
-2.302114868164062500e+01
-2.183077812194824219e+01
-2.606712150573730469e+01
-2.765855979919433594e+01
-1.426134967803955078e+01
-1.977075958251953125e+01
-2.682588005065917969e+01
-3.032010841369628906e+01
-2.660596847534179688e+01
-1.822223091125488281e+01
-1.648008155822753906e+01
-1.404960441589355469e+01
-7.752297878265380859e+00
-1.155225467681884766e+01
-1.116490077972412109e+01
-1.854040741920471191e+00
-1.411250114440917969e+01
-2.271307945251464844e+01
-1.785767745971679688e+01
-1.531033325195312500e+01
-1.333036041259765625e+01
-2.127691030502319336e+00
-1.289457035064697266e+01
-1.499067020416259766e+01
-8.964151382446289062e+00
-9.061733245849609375e+00
-2.372898340225219727e+00
-7.180737495422363281e+00
-1.232340908050537109e+01
-1.529409980773925781e+01
-1.515626525878906250e+01
-1.310003471374511719e+01
-1.055816745758056641e+01
-1.175281143188476562e+01
-1.540817260742187500e+01
-1.703123855590820312e+01
-1.973296165466308594e+01
-2.013244438171386719e+01
-9.061129570007324219e+00
-1.166466331481933594e+01
-1.105318641662597656e+01
-1.942308235168457031e+01
-9.640426635742187500e+00
-4.407784461975097656e+00
-1.375797462463378906e+01
-2.209631919860839844e+01
-8.552881240844726562e+00
-4.250218868255615234e+00
-1.245101451873779297e+01
-1.763667297363281250e+01
-2.067076110839843750e+01
-1.314350128173828125e+01
-1.613030624389648438e+01
-1.294769763946533203e+01
-8.944567680358886719e+00
-7.660578250885009766e+00
-1.404284667968750000e+01
-1.056040954589843750e+01
-1.096080303192138672e+01
-7.178772926330566406e+00
-4.759232997894287109e+00
-1.248954486846923828e+01
-1.623670959472656250e+01
-2.052685737609863281e+01
-2.051806068420410156e+01
-1.996376037597656250e+01
-2.075601196289062500e+01
-2.338949775695800781e+01
-2.428483390808105469e+01
-2.372652244567871094e+01
-2.848114585876464844e+01
-2.337771034240722656e+01
-1.261108493804931641e+01
-2.011399841308593750e+01
-2.113325691223144531e+01
-2.548024940490722656e+01
-1.941794776916503906e+01
-1.267897248268127441e+00
-1.077183723449707031e+01
-1.819238853454589844e+01
-1.653270149230957031e+01
-1.616811752319335938e+01
-1.263914489746093750e+01
-1.540734958648681641e+01
-1.853144645690917969e+01
-2.090894317626953125e+01
-1.703579902648925781e+01
-1.360330772399902344e+01
-1.351345348358154297e+01
-4.356940269470214844e+00
-1.192977523803710938e+01
-9.007984161376953125e+00
-7.691118240356445312e+00
-5.808444023132324219e+00
-1.235035777091979980e+00
-8.828550338745117188e+00
-1.282123470306396484e+01
-1.591587257385253906e+01
-1.682548522949218750e+01
-1.436188316345214844e+01
-1.193480300903320312e+01
-1.408956146240234375e+01
-1.409264373779296875e+01
-1.675516319274902344e+01
-1.467491912841796875e+01
-1.013460731506347656e+01
-3.452320575714111328e+00
-1.532539558410644531e+01
-1.019631099700927734e+01
-1.094480609893798828e+01
-1.281065750122070312e+01
-1.503451156616210938e+01
-1.672551345825195312e+01
-1.018972682952880859e+01
-1.359478569030761719e+01
-1.507916259765625000e+01
-1.509314537048339844e+01
-1.863601493835449219e+01
-1.484442234039306641e+01
-1.734943580627441406e+01
-1.616177558898925781e+01
-1.099828433990478516e+01
-5.328421115875244141e+00
-1.006441402435302734e+01
-1.453433704376220703e+01
-9.593207359313964844e+00
-1.189445972442626953e+01
-5.839636802673339844e+00
-7.046777248382568359e+00
-1.527755355834960938e+01
-1.997475242614746094e+01
-2.193187522888183594e+01
-2.145464897155761719e+01
-1.994097328186035156e+01
-2.119239807128906250e+01
-2.291157341003417969e+01
-1.519616317749023438e+01
-2.192741775512695312e+01
-2.483857154846191406e+01
-6.772588253021240234e+00
-1.273488807678222656e+01
-2.398814964294433594e+01
-2.978137016296386719e+01
-2.933541679382324219e+01
-1.527070808410644531e+01
-1.620503807067871094e+01
-1.456929874420166016e+01
-1.806768989562988281e+01
-2.034081077575683594e+01
-1.572122097015380859e+01
-1.709473419189453125e+01
-1.850967216491699219e+01
-1.661559486389160156e+01
-1.533323383331298828e+01
-1.407928848266601562e+01
-1.202090358734130859e+01
-1.001153659820556641e+01
-7.209706783294677734e+00
-1.263317012786865234e+01
-8.377784729003906250e+00
-1.076556777954101562e+01
-5.247803211212158203e+00
-4.825553894042968750e+00
-1.171655559539794922e+01
-1.319209671020507812e+01
-1.577542209625244141e+01
-1.148374557495117188e+01
-4.495597839355468750e+00
-1.098113918304443359e+01
-1.242769145965576172e+01
-2.795581340789794922e+00
-1.282081031799316406e+01
-1.661718368530273438e+01
-1.168401241302490234e+01
-5.028674125671386719e+00
-1.199928283691406250e+01
-1.647618293762207031e+01
-2.054425239562988281e+01
-1.459723758697509766e+01
-1.682934761047363281e+01
-1.105391502380371094e+01
-1.406172275543212891e+01
-1.682508087158203125e+01
-1.674615669250488281e+01
-1.729581069946289062e+01
-1.741507720947265625e+01
-1.564137935638427734e+01
-1.626402664184570312e+01
-1.551188564300537109e+01
-1.188402462005615234e+01
-4.146184444427490234e+00
-1.525840759277343750e+01
-1.515949058532714844e+01
-1.184486961364746094e+01
-1.372188568115234375e+01
-4.225743293762207031e+00
-1.111182975769042969e+01
-1.533493804931640625e+01
-1.510155868530273438e+01
-1.832915687561035156e+01
-1.524145603179931641e+01
-1.171510505676269531e+01
-2.134847259521484375e+01
-2.391549491882324219e+01
-2.171791648864746094e+01
-2.669125747680664062e+01
-2.492479896545410156e+01
-1.341786766052246094e+01
-1.702991294860839844e+01
-2.673153686523437500e+01
-3.532864761352539062e+01
-2.829174995422363281e+01
-2.227071189880371094e+01
-1.870538902282714844e+01
-1.320548820495605469e+01
-1.407711505889892578e+01
-1.533184719085693359e+01
-1.552714633941650391e+01
-1.715440368652343750e+01
-1.547483158111572266e+01
-1.563275241851806641e+01
-1.497508621215820312e+01
-1.464058780670166016e+01
-1.517107105255126953e+01
-6.183212757110595703e+00
-1.069302940368652344e+01
-1.155668640136718750e+01
-7.299509525299072266e+00
-5.848657608032226562e+00
6.093580722808837891e+00
-4.334854602813720703e+00
-8.891315460205078125e+00
-5.067065238952636719e+00
-1.085000801086425781e+01
-1.061649036407470703e+01
-9.562911987304687500e+00
-1.266884517669677734e+01
-1.718711662292480469e+01
-1.518026256561279297e+01
-1.782131195068359375e+01
-1.782058525085449219e+01
-9.929714202880859375e+00
-8.936511039733886719e+00
-1.213765907287597656e+01
-2.008452033996582031e+01
-1.955751991271972656e+01
-1.626922607421875000e+01
-1.548052501678466797e+01
-1.221392631530761719e+01
-1.284292221069335938e+01
-1.569815349578857422e+01
-1.562125205993652344e+01
-1.648561859130859375e+01
-1.841555023193359375e+01
-1.740680313110351562e+01
-1.857436943054199219e+01
-1.512516880035400391e+01
-1.056008434295654297e+01
-6.274919509887695312e+00
-1.514219474792480469e+01
-6.327521324157714844e+00
-8.644872665405273438e+00
-1.781974434852600098e+00
6.520153999328613281e+00
-1.320081615447998047e+01
-1.632256317138671875e+01
-1.973471450805664062e+01
-2.134783172607421875e+01
-2.046668624877929688e+01
-1.927910423278808594e+01
-2.300107574462890625e+01
-2.542185020446777344e+01
-2.483464050292968750e+01
-2.771359443664550781e+01
-2.831629371643066406e+01
-1.385966110229492188e+01
-1.972466087341308594e+01
-2.665456390380859375e+01
-2.887447547912597656e+01
-2.501280975341796875e+01
-1.917221260070800781e+01
-1.312867355346679688e+01
-1.308957290649414062e+01
-1.615811157226562500e+01
-1.713616180419921875e+01
-1.714596366882324219e+01
-1.790530586242675781e+01
-1.701235580444335938e+01
-1.438944625854492188e+01
-1.489602756500244141e+01
-9.622764587402343750e+00
-4.497813701629638672e+00
-5.739017009735107422e+00
-1.490047454833984375e+01
5.239957571029663086e-01
-2.173462629318237305e+00
-7.985528469085693359e+00
2.269317805767059326e-01
-7.914930820465087891e+00
-1.439064025878906250e+01
-1.497463798522949219e+01
-1.623511886596679688e+01
-1.117121219635009766e+01
-1.092984771728515625e+01
-1.139583110809326172e+01
-1.514629936218261719e+01
-1.703830909729003906e+01
-1.968634796142578125e+01
-1.965106773376464844e+01
-7.884644031524658203e+00
-1.204111671447753906e+01
-1.386489868164062500e+01
-2.104166984558105469e+01
-1.680890846252441406e+01
-1.487471294403076172e+01
-1.453670406341552734e+01
-1.468887138366699219e+01
-1.646764755249023438e+01
-1.700676727294921875e+01
-1.605702400207519531e+01
-1.887248611450195312e+01
-1.540531730651855469e+01
-8.334688186645507812e+00
-1.512951087951660156e+01
-3.892632484436035156e+00
1.211699199676513672e+01
-9.438068389892578125e+00
-1.571586894989013672e+01
-9.438338279724121094e+00
-1.112116622924804688e+01
-5.759899616241455078e+00
-4.730695724487304688e+00
-1.483679866790771484e+01
-1.813228416442871094e+01
-2.275295829772949219e+01
-2.107416915893554688e+01
-2.116121101379394531e+01
-2.205693054199218750e+01
-2.419863700866699219e+01
-2.333001899719238281e+01
-2.369972229003906250e+01
-2.808621978759765625e+01
-2.300349617004394531e+01
-1.234004020690917969e+01
-2.095327186584472656e+01
-2.849470520019531250e+01
-2.962728500366210938e+01
-2.295532226562500000e+01
-2.028295135498046875e+01
-1.354801654815673828e+01
-1.130189609527587891e+01
-1.632680320739746094e+01
-1.067559814453125000e+01
-4.567084312438964844e+00
-1.988821792602539062e+01
-2.073255729675292969e+01
-3.101177930831909180e+00
-7.294098377227783203e+00
-9.593936920166015625e+00
-1.265526962280273438e+01
-7.374117374420166016e+00
-1.319523620605468750e+01
-5.993386268615722656e+00
-6.802231311798095703e+00
-3.463007450103759766e+00
-1.563343286514282227e+00
-9.106057167053222656e+00
-1.364589977264404297e+01
-1.569680786132812500e+01
-1.636126708984375000e+01
-1.334381389617919922e+01
-1.202684497833251953e+01
-1.416048240661621094e+01
-1.707742309570312500e+01
-1.807493400573730469e+01
-1.964275741577148438e+01
-1.661986732482910156e+01
-7.228946685791015625e+00
-1.268433380126953125e+01
-1.641216659545898438e+01
-2.231693840026855469e+01
-1.663556861877441406e+01
-1.650183677673339844e+01
-1.204989528656005859e+01
-5.195856094360351562e+00
-1.281356143951416016e+01
-6.932473659515380859e+00
6.882476210594177246e-01
-1.892327880859375000e+01
-1.938352966308593750e+01
-2.068430900573730469e+01
-1.585287952423095703e+01
-1.369795608520507812e+01
-2.334783077239990234e+00
-1.344907283782958984e+01
-1.495860767364501953e+01
-1.146125030517578125e+01
-1.263643169403076172e+01
-4.759338855743408203e+00
-8.714649200439453125e+00
-1.350880050659179688e+01
-1.921875762939453125e+01
-2.166526603698730469e+01
-2.214499282836914062e+01
-2.168339920043945312e+01
-2.162500381469726562e+01
-2.325092315673828125e+01
-2.318568229675292969e+01
-2.571440696716308594e+01
-2.900380706787109375e+01
-1.993619346618652344e+01
-1.459561920166015625e+01
-2.125172615051269531e+01
-3.033078002929687500e+01
-2.165101623535156250e+01
-6.332448482513427734e+00
-2.435431671142578125e+01
-1.418050861358642578e+01
1.571595072746276855e+00
-1.119220352172851562e+01
-1.480157470703125000e+01
-1.922042274475097656e+01
-2.166118621826171875e+01
-1.677179145812988281e+01
-1.259457874298095703e+01
-1.186613082885742188e+01
-1.161999320983886719e+01
-7.056562423706054688e+00
-8.197083473205566406e+00
-1.359324932098388672e+01
-7.825125217437744141e+00
-1.027573680877685547e+01
-3.039823532104492188e+00
-4.092844009399414062e+00
-1.102426433563232422e+01
-1.595931816101074219e+01
-1.781923675537109375e+01
-1.667052459716796875e+01
-1.353268623352050781e+01
-1.418035316467285156e+01
-1.614819717407226562e+01
-1.791556167602539062e+01
-1.927044296264648438e+01
-1.955752372741699219e+01
-1.372704505920410156e+01
-7.772518634796142578e+00
-6.477967739105224609e+00
-1.871349143981933594e+01
-1.210686016082763672e+01
3.329984188079833984e+00
-1.638280105590820312e+01
-1.793264961242675781e+01
-1.770275115966796875e+01
-1.593907165527343750e+01
-1.797105979919433594e+01
-1.526415443420410156e+01
-1.833449935913085938e+01
