8.282831192016601562e+00
9.165575027465820312e+00
8.998860359191894531e+00
1.196576976776123047e+01
8.526500701904296875e+00
6.000134944915771484e+00
1.361497497558593750e+01
1.371812820434570312e+01
9.910635948181152344e+00
5.990095138549804688e+00
7.789329051971435547e+00
1.068764209747314453e+01
8.853037834167480469e+00
7.864240646362304688e+00
9.369749069213867188e+00
7.822277545928955078e+00
8.013905525207519531e+00
7.779246807098388672e+00
1.151087570190429688e+01
8.998874664306640625e+00
7.960752010345458984e+00
8.834671974182128906e+00
9.031394004821777344e+00
8.029314041137695312e+00
6.878396987915039062e+00
1.152313232421875000e+01
1.553353214263916016e+01
1.061275100708007812e+01
8.249954223632812500e+00
7.198186397552490234e+00
7.006538391113281250e+00
4.760719299316406250e+00
8.505580902099609375e+00
1.064212131500244141e+01
7.015131950378417969e+00
6.536951065063476562e+00
6.273361682891845703e+00
6.862577438354492188e+00
8.054268836975097656e+00
6.316999912261962891e+00
1.468628692626953125e+01
1.358224582672119141e+01
8.456552505493164062e+00
5.975350379943847656e+00
8.254401206970214844e+00
9.566723823547363281e+00
8.236441612243652344e+00
7.369746685028076172e+00
8.061898231506347656e+00
4.870779037475585938e+00
9.630598068237304688e+00
7.680246353149414062e+00
9.883463859558105469e+00
7.608377456665039062e+00
6.839447975158691406e+00
1.118659591674804688e+01
2.876698732376098633e+00
4.284225940704345703e+00
1.148400592803955078e+01
1.948661804199218750e+01
1.550449180603027344e+01
1.100473785400390625e+01
1.027094173431396484e+01
6.834264278411865234e+00
5.180150508880615234e+00
6.089910030364990234e+00
1.077436447143554688e+01
8.718952178955078125e+00
8.953205108642578125e+00
1.029709815979003906e+01
8.430781364440917969e+00
6.704218387603759766e+00
8.590914726257324219e+00
1.638961219787597656e+01
1.285331344604492188e+01
8.400403976440429688e+00
4.820317745208740234e+00
8.046679496765136719e+00
9.881031990051269531e+00
8.999966621398925781e+00
8.322468757629394531e+00
1.035221099853515625e+01
6.647495269775390625e+00
7.665366172790527344e+00
6.201792240142822266e+00
8.998295783996582031e+00
9.656639099121093750e+00
6.936750411987304688e+00
8.623779296875000000e+00
8.831604003906250000e+00
4.080374240875244141e+00
7.983489990234375000e+00
1.479093742370605469e+01
1.539296531677246094e+01
9.788400650024414062e+00
8.553691864013671875e+00
7.306752681732177734e+00
5.955135345458984375e+00
5.518863677978515625e+00
1.016752910614013672e+01
9.311687469482421875e+00
8.134243011474609375e+00
5.726801872253417969e+00
9.783740043640136719e+00
4.178722858428955078e+00
3.298437356948852539e+00
8.436944961547851562e+00
1.455106735229492188e+01
1.262309932708740234e+01
8.362110137939453125e+00
7.361581325531005859e+00
8.185398101806640625e+00
9.948122978210449219e+00
7.894475460052490234e+00
9.072179794311523438e+00
7.876851558685302734e+00
5.982187747955322266e+00
7.193634033203125000e+00
7.897445678710937500e+00
5.857981681823730469e+00
7.393781661987304688e+00
8.049852371215820312e+00
7.742355823516845703e+00
2.322322607040405273e+00
6.699834346771240234e+00
1.298779010772705078e+01
1.688129806518554688e+01
1.359733295440673828e+01
1.141287040710449219e+01
1.097109699249267578e+01
6.328649520874023438e+00
4.736081600189208984e+00
8.279536247253417969e+00
8.606559753417968750e+00
7.637757301330566406e+00
8.194400787353515625e+00
1.078861904144287109e+01
7.370405197143554688e+00
6.255439281463623047e+00
9.217144012451171875e+00
1.407414245605468750e+01
1.036838912963867188e+01
4.925981998443603516e+00
5.870842933654785156e+00
9.851684570312500000e+00
8.941060066223144531e+00
7.213020324707031250e+00
9.086759567260742188e+00
1.079518890380859375e+01
8.086584091186523438e+00
8.965711593627929688e+00
1.021099758148193359e+01
6.963008403778076172e+00
8.936735153198242188e+00
7.836004734039306641e+00
9.841087341308593750e+00
9.567008972167968750e+00
4.998142719268798828e+00
9.498780250549316406e+00
1.628813743591308594e+01
1.354290008544921875e+01
9.848304748535156250e+00
9.659977912902832031e+00
7.788037776947021484e+00
6.098031520843505859e+00
7.259053230285644531e+00
1.140193843841552734e+01
8.250262260437011719e+00
7.767460346221923828e+00
6.178489685058593750e+00
9.908749580383300781e+00
5.868273735046386719e+00
5.404505729675292969e+00
1.082497215270996094e+01
1.550639724731445312e+01
1.090791034698486328e+01
6.319789886474609375e+00
8.763555526733398438e+00
9.674369812011718750e+00
8.790401458740234375e+00
6.883088111877441406e+00
9.828856468200683594e+00
6.444169521331787109e+00
7.511067867279052734e+00
8.762658119201660156e+00
8.864562034606933594e+00
3.493248939514160156e+00
6.404207229614257812e+00
1.091689014434814453e+01
3.567602396011352539e+00
2.847758769989013672e+00
1.006314373016357422e+01
1.601592636108398438e+01
1.501032447814941406e+01
1.094900798797607422e+01
1.093839168548583984e+01
9.829885482788085938e+00
5.452188491821289062e+00
5.732863903045654297e+00
8.932671546936035156e+00
8.122606277465820312e+00
9.233291625976562500e+00
8.473662376403808594e+00
1.165946006774902344e+01
8.415037155151367188e+00
6.633362293243408203e+00
1.344201278686523438e+01
1.279904365539550781e+01
8.938496589660644531e+00
5.262860774993896484e+00
6.198370933532714844e+00
1.014036655426025391e+01
9.304409027099609375e+00
7.957532405853271484e+00
9.809129714965820312e+00
9.866285324096679688e+00
1.017991352081298828e+01
8.930076599121093750e+00
1.277130126953125000e+01
9.519558906555175781e+00
6.899852275848388672e+00
8.506359100341796875e+00
9.525121688842773438e+00
8.722664833068847656e+00
7.206974983215332031e+00
1.175190544128417969e+01
1.677610206604003906e+01
1.068368244171142578e+01
9.354146003723144531e+00
8.589061737060546875e+00
8.466435432434082031e+00
5.185885906219482422e+00
8.857023239135742188e+00
1.040509986877441406e+01
6.776581764221191406e+00
6.309144496917724609e+00
7.210455894470214844e+00
6.092553615570068359e+00
6.031908512115478516e+00
5.981918811798095703e+00
1.311677646636962891e+01
1.100323867797851562e+01
7.899698734283447266e+00
6.404773712158203125e+00
7.519458770751953125e+00
9.617891311645507812e+00
8.195243835449218750e+00
7.224201679229736328e+00
8.309032440185546875e+00
6.397104263305664062e+00
1.007730484008789062e+01
7.672258377075195312e+00
8.945734024047851562e+00
6.705947875976562500e+00
4.971438407897949219e+00
1.028757667541503906e+01
2.643535614013671875e+00
4.060625553131103516e+00
1.074672603607177734e+01
1.775556755065917969e+01
1.388470649719238281e+01
1.044227409362792969e+01
1.050198650360107422e+01
6.910732269287109375e+00
5.891590595245361328e+00
7.158523559570312500e+00
1.075319480895996094e+01
9.074998855590820312e+00
9.090866088867187500e+00
1.062416553497314453e+01
9.204286575317382812e+00
9.097701072692871094e+00
9.782503128051757812e+00
1.661307144165039062e+01
1.350230407714843750e+01
7.553193092346191406e+00
2.848654985427856445e+00
7.990279674530029297e+00
1.159030055999755859e+01
7.928303718566894531e+00
8.429273605346679688e+00
1.016965866088867188e+01
7.259972095489501953e+00
8.624693870544433594e+00
8.812345504760742188e+00
1.063520431518554688e+01
9.998934745788574219e+00
6.806578636169433594e+00
8.401334762573242188e+00
7.712992191314697266e+00
3.971108675003051758e+00
7.914533138275146484e+00
1.390954303741455078e+01
1.395488739013671875e+01
9.243686676025390625e+00
8.363977432250976562e+00
6.839241504669189453e+00
5.762991428375244141e+00
5.990646839141845703e+00
1.045085048675537109e+01
8.078861236572265625e+00
7.607078075408935547e+00
5.082440376281738281e+00
9.508672714233398438e+00
4.243984222412109375e+00
3.163044929504394531e+00
8.268618583679199219e+00
1.330179405212402344e+01
1.087872695922851562e+01
4.786353111267089844e+00
5.027405738830566406e+00
6.772906780242919922e+00
7.893803596496582031e+00
6.723937988281250000e+00
8.843230247497558594e+00
7.924907207489013672e+00
6.089541435241699219e+00
8.162646293640136719e+00
1.025488662719726562e+01
5.602336406707763672e+00
6.927324295043945312e+00
8.623838424682617188e+00
7.145834922790527344e+00
1.853287577629089355e+00
7.979707717895507812e+00
1.435740470886230469e+01
1.667146301269531250e+01
1.247076702117919922e+01
1.111679172515869141e+01
1.030055713653564453e+01
5.963812351226806641e+00
5.249235153198242188e+00
9.321884155273437500e+00
1.054323863983154297e+01
1.001094055175781250e+01
9.720345497131347656e+00
1.209431266784667969e+01
8.608249664306640625e+00
7.686666965484619141e+00
1.192943668365478516e+01
1.643473052978515625e+01
1.131911849975585938e+01
4.775154590606689453e+00
5.797794818878173828e+00
7.785081386566162109e+00
8.100519180297851562e+00
5.939194679260253906e+00
9.406333923339843750e+00
9.444737434387207031e+00
8.686178207397460938e+00
8.653404235839843750e+00
1.020977020263671875e+01
9.043574333190917969e+00
1.038554286956787109e+01
7.668806552886962891e+00
9.620075225830078125e+00
9.268772125244140625e+00
3.112486124038696289e+00
8.389091491699218750e+00
1.576152229309082031e+01
1.247215652465820312e+01
8.800125122070312500e+00
8.054533004760742188e+00
8.013907432556152344e+00
4.824719905853271484e+00
7.318458080291748047e+00
1.157319164276123047e+01
8.774757385253906250e+00
7.425839900970458984e+00
6.132719993591308594e+00
8.561697959899902344e+00
5.552586555480957031e+00
5.480156898498535156e+00
1.099277877807617188e+01
1.496610546112060547e+01
9.006347656250000000e+00
4.437563419342041016e+00
7.432859420776367188e+00
8.016052246093750000e+00
1.023715114593505859e+01
6.399311542510986328e+00
8.124925613403320312e+00
7.432958602905273438e+00
8.728679656982421875e+00
9.059820175170898438e+00
1.023623085021972656e+01
6.853521347045898438e+00
6.952882289886474609e+00
1.138646316528320312e+01
4.704575061798095703e+00
3.242166519165039062e+00
9.315533638000488281e+00
1.642450904846191406e+01
1.565103054046630859e+01
1.093652629852294922e+01
1.016055011749267578e+01
8.912158966064453125e+00
4.712683677673339844e+00
4.900923252105712891e+00
9.712388038635253906e+00
8.903600692749023438e+00
1.001240730285644531e+01
8.944539070129394531e+00
1.145096015930175781e+01
7.850501537322998047e+00
6.764124870300292969e+00
1.367057228088378906e+01
1.199335002899169922e+01
8.058201789855957031e+00
5.105720996856689453e+00
6.858982563018798828e+00
9.462784767150878906e+00
8.091799736022949219e+00
6.140339374542236328e+00
1.006148815155029297e+01
6.427163600921630859e+00
8.505151748657226562e+00
7.665040016174316406e+00
1.127569007873535156e+01
8.908565521240234375e+00
7.384973049163818359e+00
1.008069801330566406e+01
9.379705429077148438e+00
7.795458793640136719e+00
6.552844524383544922e+00
1.080499267578125000e+01
1.484111022949218750e+01
9.911021232604980469e+00
8.993071556091308594e+00
7.344773292541503906e+00
7.667379856109619141e+00
5.784564018249511719e+00
9.026293754577636719e+00
1.100498008728027344e+01
8.299491882324218750e+00
7.184195518493652344e+00
8.019294738769531250e+00
5.160536289215087891e+00
5.912779808044433594e+00
6.642955303192138672e+00
1.342728424072265625e+01
1.231086730957031250e+01
8.218685150146484375e+00
5.512348651885986328e+00
6.782702445983886719e+00
8.131093978881835938e+00
5.795009136199951172e+00
6.450549125671386719e+00
8.035657882690429688e+00
7.012715816497802734e+00
9.266161918640136719e+00
8.665182113647460938e+00
9.641513824462890625e+00
7.860249996185302734e+00
7.222836494445800781e+00
1.214148616790771484e+01
3.048988580703735352e+00
4.169809818267822266e+00
1.071232986450195312e+01
1.719266128540039062e+01
1.300255680084228516e+01
1.094148540496826172e+01
1.007104206085205078e+01
5.420815944671630859e+00
4.208729267120361328e+00
6.718347549438476562e+00
1.021045875549316406e+01
8.751570701599121094e+00
8.980811119079589844e+00
1.144690608978271484e+01
9.335786819458007812e+00
9.315825462341308594e+00
1.095032024383544922e+01
1.688719749450683594e+01
1.389763355255126953e+01
7.439118385314941406e+00
4.498481273651123047e+00
8.771676063537597656e+00
1.041795349121093750e+01
8.097668647766113281e+00
7.196605205535888672e+00
7.823440551757812500e+00
6.207865715026855469e+00
8.574114799499511719e+00
7.604392051696777344e+00
9.696129798889160156e+00
1.107090473175048828e+01
7.991558551788330078e+00
9.006536483764648438e+00
9.950295448303222656e+00
5.362434864044189453e+00
9.186762809753417969e+00
1.552065944671630859e+01
1.489670467376708984e+01
8.788712501525878906e+00
8.572377204895019531e+00
7.759784698486328125e+00
5.564301967620849609e+00
6.584218978881835938e+00
1.123411369323730469e+01
9.143332481384277344e+00
8.599826812744140625e+00
6.270412445068359375e+00
1.124053287506103516e+01
6.366361141204833984e+00
3.841768980026245117e+00
1.045842933654785156e+01
1.440816974639892578e+01
1.134914302825927734e+01
6.042724132537841797e+00
6.057101726531982422e+00
8.140695571899414062e+00
8.887653350830078125e+00
5.832494258880615234e+00
8.784599304199218750e+00
6.995483875274658203e+00
6.829504013061523438e+00
7.451685428619384766e+00
1.095143032073974609e+01
5.563222408294677734e+00
8.287014007568359375e+00
1.009677410125732422e+01
7.940471649169921875e+00
3.726176023483276367e+00
8.601286888122558594e+00
1.485676479339599609e+01
1.716981315612792969e+01
1.230569934844970703e+01
1.048880195617675781e+01
1.051136589050292969e+01
6.016254901885986328e+00
4.605994701385498047e+00
8.558079719543457031e+00
9.523095130920410156e+00
9.560792922973632812e+00
9.245952606201171875e+00
1.210564327239990234e+01
8.602319717407226562e+00
8.779473304748535156e+00
1.371380043029785156e+01
1.759501457214355469e+01
1.187963581085205078e+01
5.575618743896484375e+00
7.556542396545410156e+00
9.797399520874023438e+00
9.737361907958984375e+00
8.226386070251464844e+00
9.272480964660644531e+00
9.976682662963867188e+00
8.598921775817871094e+00
8.925750732421875000e+00
1.047947406768798828e+01
7.402301311492919922e+00
1.006532382965087891e+01
8.782334327697753906e+00
1.037377643585205078e+01
9.712672233581542969e+00
5.474906921386718750e+00
1.045889854431152344e+01
1.701245307922363281e+01
1.315177440643310547e+01
9.192483901977539062e+00
6.960733413696289062e+00
7.109854698181152344e+00
4.378475189208984375e+00
7.466168880462646484e+00
1.091737461090087891e+01
8.003957748413085938e+00
7.722019672393798828e+00
5.222647666931152344e+00
8.224418640136718750e+00
6.426580429077148438e+00
5.751724720001220703e+00
1.094394874572753906e+01
1.411257171630859375e+01
7.999087333679199219e+00
3.659060478210449219e+00
6.160817146301269531e+00
7.923795700073242188e+00
7.814954757690429688e+00
5.991353511810302734e+00
8.078549385070800781e+00
4.988110065460205078e+00
6.392520427703857422e+00
7.430135250091552734e+00
9.068290710449218750e+00
6.576325893402099609e+00
6.856999397277832031e+00
1.214931106567382812e+01
3.711863279342651367e+00
3.610737323760986328e+00
1.042711734771728516e+01
1.711891937255859375e+01
1.577384185791015625e+01
1.052266025543212891e+01
9.464021682739257812e+00
7.153649330139160156e+00
3.644794225692749023e+00
5.008802890777587891e+00
9.751729011535644531e+00
7.939450263977050781e+00
9.100255966186523438e+00
8.803226470947265625e+00
1.055813980102539062e+01
8.659577369689941406e+00
7.895102977752685547e+00
1.498528861999511719e+01
1.324679851531982422e+01
8.759354591369628906e+00
6.187865734100341797e+00
7.437525272369384766e+00
1.000481414794921875e+01
8.010437011718750000e+00
6.927702426910400391e+00
8.957071304321289062e+00
8.433407783508300781e+00
8.726434707641601562e+00
6.569126605987548828e+00
8.678133010864257812e+00
7.751307010650634766e+00
8.110737800598144531e+00
8.364592552185058594e+00
9.682807922363281250e+00
6.759795188903808594e+00
6.884250640869140625e+00
1.127128028869628906e+01
1.656389617919921875e+01
1.082686996459960938e+01
8.927231788635253906e+00
6.929836273193359375e+00
6.019584655761718750e+00
4.504846572875976562e+00
8.508280754089355469e+00
1.048635101318359375e+01
6.779037952423095703e+00
5.959971427917480469e+00
8.161337852478027344e+00
5.551725864410400391e+00
5.959908485412597656e+00
7.120946884155273438e+00
1.432995700836181641e+01
1.286410522460937500e+01
7.264694213867187500e+00
5.460776329040527344e+00
7.234495639801025391e+00
8.618466377258300781e+00
7.095998764038085938e+00
7.415290355682373047e+00
8.099834442138671875e+00
5.910471916198730469e+00
8.794618606567382812e+00
6.181212902069091797e+00
8.461121559143066406e+00
7.518803596496582031e+00
6.144463539123535156e+00
1.223445701599121094e+01
3.331934452056884766e+00
5.638850212097167969e+00
1.191325092315673828e+01
1.895223808288574219e+01
1.559476184844970703e+01
1.173429870605468750e+01
1.072255325317382812e+01
6.239386081695556641e+00
4.743753433227539062e+00
6.581820011138916016e+00
1.113783550262451172e+01
9.534516334533691406e+00
8.757527351379394531e+00
1.064870834350585938e+01
9.261934280395507812e+00
8.935026168823242188e+00
1.060609054565429688e+01
1.719663810729980469e+01
1.456722640991210938e+01
8.758986473083496094e+00
6.532661437988281250e+00
1.054878330230712891e+01
1.132202911376953125e+01
9.010681152343750000e+00
8.555860519409179688e+00
1.040460681915283203e+01
7.906263351440429688e+00
8.906002044677734375e+00
8.337285995483398438e+00
8.633871078491210938e+00
8.631550788879394531e+00
6.456094741821289062e+00
7.677306652069091797e+00
1.025539875030517578e+01
4.004760742187500000e+00
9.445373535156250000e+00
1.492633056640625000e+01
1.447114086151123047e+01
1.028897190093994141e+01
9.809793472290039062e+00
7.684924125671386719e+00
5.079302787780761719e+00
5.949405193328857422e+00
9.360245704650878906e+00
8.253645896911621094e+00
7.920272827148437500e+00
5.298245429992675781e+00
1.005124855041503906e+01
5.380755901336669922e+00
3.992880821228027344e+00
8.947797775268554688e+00
1.376204395294189453e+01
1.227298069000244141e+01
7.097216606140136719e+00
6.304823398590087891e+00
8.060462951660156250e+00
7.686594009399414062e+00
5.811492443084716797e+00
8.338993072509765625e+00
6.869784832000732422e+00
6.254169940948486328e+00
6.831063747406005859e+00
8.598726272583007812e+00
4.534492015838623047e+00
6.328560829162597656e+00
1.019116592407226562e+01
7.141551017761230469e+00
1.765623092651367188e+00
8.755997657775878906e+00
1.468275070190429688e+01
1.738761711120605469e+01
1.342031288146972656e+01
1.217606925964355469e+01
1.062867832183837891e+01
6.022711277008056641e+00
4.770588874816894531e+00
7.489497184753417969e+00
7.920152664184570312e+00
8.721224784851074219e+00
8.754611015319824219e+00
1.135822200775146484e+01
7.428905487060546875e+00
7.914068698883056641e+00
1.215467453002929688e+01
1.654183769226074219e+01
1.145296096801757812e+01
5.556959152221679688e+00
7.765301704406738281e+00
1.005294322967529297e+01
9.919164657592773438e+00
7.402127742767333984e+00
8.178782463073730469e+00
1.027190876007080078e+01
8.036468505859375000e+00
8.646951675415039062e+00
9.760847091674804688e+00
7.887884140014648438e+00
9.631842613220214844e+00
7.742163181304931641e+00
8.735678672790527344e+00
9.411338806152343750e+00
2.705210447311401367e+00
9.030025482177734375e+00
1.614239501953125000e+01
1.287452030181884766e+01
8.909859657287597656e+00
8.190900802612304688e+00
8.193842887878417969e+00
5.124774932861328125e+00
7.483198165893554688e+00
1.063868141174316406e+01
6.780079364776611328e+00
6.475660800933837891e+00
5.025667190551757812e+00
9.027800559997558594e+00
5.430006980895996094e+00
5.077836990356445312e+00
1.104112339019775391e+01
1.442679595947265625e+01
9.053719520568847656e+00
5.105625629425048828e+00
7.948454380035400391e+00
8.596073150634765625e+00
8.308276176452636719e+00
5.622218132019042969e+00
8.492132186889648438e+00
5.258870601654052734e+00
6.754784107208251953e+00
8.587230682373046875e+00
9.494853019714355469e+00
4.644671916961669922e+00
6.062679290771484375e+00
9.529006958007812500e+00
3.354073524475097656e+00
2.898293495178222656e+00
1.150491905212402344e+01
1.694596862792968750e+01
1.792902565002441406e+01
1.186079788208007812e+01
1.123608875274658203e+01
1.045232582092285156e+01
6.562431335449218750e+00
6.121000766754150391e+00
9.831654548645019531e+00
7.925067901611328125e+00
8.334887504577636719e+00
8.388674736022949219e+00
1.251172924041748047e+01
8.918327331542968750e+00
6.860866546630859375e+00
1.396216869354248047e+01
1.364289665222167969e+01
9.383711814880371094e+00
6.004583835601806641e+00
7.460431098937988281e+00
1.127070236206054688e+01
1.014021110534667969e+01
8.323400497436523438e+00
1.026896762847900391e+01
9.316665649414062500e+00
9.422563552856445312e+00
7.975301265716552734e+00
1.142898845672607422e+01
9.009299278259277344e+00
8.611838340759277344e+00
8.572189331054687500e+00
8.767143249511718750e+00
5.609879016876220703e+00
5.256155014038085938e+00
1.134338474273681641e+01
1.529945182800292969e+01
1.175118064880371094e+01
9.788106918334960938e+00
7.856565952301025391e+00
7.354423999786376953e+00
6.156673431396484375e+00
9.540911674499511719e+00
1.191592884063720703e+01
7.341517925262451172e+00
7.184860706329345703e+00
5.785149097442626953e+00
6.499516487121582031e+00
5.991788864135742188e+00
5.769805908203125000e+00
1.323457622528076172e+01
1.326349925994873047e+01
8.410947799682617188e+00
4.913493156433105469e+00
7.387467861175537109e+00
9.214800834655761719e+00
8.517315864562988281e+00
6.533686637878417969e+00
8.913345336914062500e+00
5.789945125579833984e+00
9.232501983642578125e+00
7.558516025543212891e+00
8.539195060729980469e+00
7.199931144714355469e+00
6.316297054290771484e+00
1.046603202819824219e+01
2.403973817825317383e+00
3.202991008758544922e+00
1.115355777740478516e+01
1.611151504516601562e+01
1.667609596252441406e+01
1.125658035278320312e+01
1.107607269287109375e+01
7.777359962463378906e+00
5.292301177978515625e+00
6.846088886260986328e+00
1.027236938476562500e+01
8.656527519226074219e+00
8.521633148193359375e+00
8.690617561340332031e+00
8.838932991027832031e+00
9.268765449523925781e+00
9.044091224670410156e+00
1.455423164367675781e+01
1.211576366424560547e+01
7.571318626403808594e+00
4.839484214782714844e+00
8.012824058532714844e+00
1.012854671478271484e+01
8.658060073852539062e+00
8.248158454895019531e+00
1.064908504486083984e+01
8.764553070068359375e+00
8.625123977661132812e+00
7.468316555023193359e+00
1.101707267761230469e+01
8.995841979980468750e+00
7.186538219451904297e+00
9.091132164001464844e+00
8.654850959777832031e+00
5.602833747863769531e+00
7.071371555328369141e+00
1.208318424224853516e+01
1.568679332733154297e+01
1.006286239624023438e+01
8.892479896545410156e+00
7.912459373474121094e+00
6.449024200439453125e+00
5.697506904602050781e+00
9.937774658203125000e+00
1.083106327056884766e+01
7.570424556732177734e+00
6.141477108001708984e+00
8.455258369445800781e+00
3.621824026107788086e+00
4.646219253540039062e+00
6.471402168273925781e+00
1.320157909393310547e+01
1.149546813964843750e+01
7.096575736999511719e+00
5.448464393615722656e+00
6.667829036712646484e+00
8.069873809814453125e+00
7.180707931518554688e+00
8.368125915527343750e+00
7.177790164947509766e+00
5.652487277984619141e+00
7.727838516235351562e+00
6.274820327758789062e+00
8.647624015808105469e+00
6.953713417053222656e+00
6.502472877502441406e+00
9.963762283325195312e+00
1.995345830917358398e+00
4.581834793090820312e+00
1.054159069061279297e+01
1.813832092285156250e+01
1.374794483184814453e+01
9.401151657104492188e+00
1.107069301605224609e+01
6.855792999267578125e+00
5.002770900726318359e+00
7.722455501556396484e+00
1.122340202331542969e+01
9.438747406005859375e+00
9.144161224365234375e+00
1.060002708435058594e+01
8.283273696899414062e+00
8.040244102478027344e+00
1.060968112945556641e+01
1.681364822387695312e+01
1.353736305236816406e+01
7.405000209808349609e+00
5.592732906341552734e+00
9.576283454895019531e+00
1.051225090026855469e+01
8.516662597656250000e+00
8.641366958618164062e+00
1.239980983734130859e+01
8.893142700195312500e+00
9.386384963989257812e+00
8.443729400634765625e+00
9.723880767822265625e+00
1.110165119171142578e+01
7.804869174957275391e+00
9.575538635253906250e+00
9.042993545532226562e+00
4.533977985382080078e+00
9.073474884033203125e+00
1.495355701446533203e+01
1.350129413604736328e+01
9.734073638916015625e+00
9.369256973266601562e+00
7.818581581115722656e+00
5.942559719085693359e+00
6.061872005462646484e+00
1.009152507781982422e+01
8.932996749877929688e+00
9.172631263732910156e+00
6.198329925537109375e+00
1.062953472137451172e+01
4.379549980163574219e+00
3.426471233367919922e+00
7.454593181610107422e+00
1.310989189147949219e+01
1.181677055358886719e+01
6.169070720672607422e+00
6.032393932342529297e+00
7.455079078674316406e+00
8.160334587097167969e+00
5.636060237884521484e+00
8.518254280090332031e+00
8.170733451843261719e+00
6.513653755187988281e+00
7.198330402374267578e+00
7.568357467651367188e+00
6.317737102508544922e+00
6.780724048614501953e+00
8.333213806152343750e+00
8.519248008728027344e+00
2.046032428741455078e+00
6.649523735046386719e+00
1.290666770935058594e+01
1.637586402893066406e+01
1.143848800659179688e+01
1.079469203948974609e+01
1.093457794189453125e+01
6.245980739593505859e+00
6.152430534362792969e+00
8.847224235534667969e+00
