9.625401306152343750e+01
9.538192749023437500e+01
9.746711730957031250e+01
9.871044921875000000e+01
1.053584594726562500e+02
8.933981323242187500e+01
9.012704467773437500e+01
9.308708953857421875e+01
8.874123382568359375e+01
9.156748962402343750e+01
9.277509307861328125e+01
9.344208526611328125e+01
9.318087768554687500e+01
9.239483642578125000e+01
9.230903625488281250e+01
9.212223052978515625e+01
9.175926208496093750e+01
9.217681121826171875e+01
9.196287536621093750e+01
9.255586242675781250e+01
9.470942687988281250e+01
9.202252960205078125e+01
9.371552276611328125e+01
9.143693542480468750e+01
9.557273101806640625e+01
9.236865997314453125e+01
9.238865661621093750e+01
9.463465881347656250e+01
9.618474578857421875e+01
1.006914062500000000e+02
9.652840423583984375e+01
8.504141235351562500e+01
9.249674987792968750e+01
9.169203186035156250e+01
9.196265411376953125e+01
1.034757690429687500e+02
9.073955535888671875e+01
1.020078964233398438e+02
9.355831909179687500e+01
9.094058990478515625e+01
9.223638916015625000e+01
8.858520507812500000e+01
9.150820922851562500e+01
9.197048187255859375e+01
9.377014160156250000e+01
9.289550018310546875e+01
9.125924682617187500e+01
9.173020172119140625e+01
9.133493804931640625e+01
9.136097717285156250e+01
9.125179290771484375e+01
9.240829467773437500e+01
9.227360534667968750e+01
9.346556091308593750e+01
9.084552764892578125e+01
9.103619384765625000e+01
9.190097045898437500e+01
9.342877197265625000e+01
9.345182037353515625e+01
9.635223388671875000e+01
9.270843505859375000e+01
9.656882476806640625e+01
9.851493072509765625e+01
8.786284637451171875e+01
8.994393920898437500e+01
9.179885864257812500e+01
9.303753662109375000e+01
9.716149139404296875e+01
1.029342651367187500e+02
9.845977783203125000e+01
9.812108612060546875e+01
9.318070983886718750e+01
9.487291717529296875e+01
9.485629272460937500e+01
9.291931152343750000e+01
9.277324676513671875e+01
9.227464294433593750e+01
9.392052459716796875e+01
9.282644653320312500e+01
9.274372100830078125e+01
9.242755889892578125e+01
9.231520080566406250e+01
9.329409027099609375e+01
9.352631378173828125e+01
9.310061645507812500e+01
9.331043243408203125e+01
9.348435974121093750e+01
9.317908477783203125e+01
9.270551300048828125e+01
9.196406555175781250e+01
9.388040161132812500e+01
9.493873596191406250e+01
9.523441314697265625e+01
9.454093170166015625e+01
9.954365539550781250e+01
1.008175582885742188e+02
9.057659149169921875e+01
9.370491790771484375e+01
9.497492218017578125e+01
8.832942199707031250e+01
9.179141998291015625e+01
9.850579833984375000e+01
9.552651977539062500e+01
1.093151473999023438e+02
8.574363708496093750e+01
9.242127990722656250e+01
9.385688781738281250e+01
9.338185882568359375e+01
9.615434265136718750e+01
9.424578094482421875e+01
9.329742431640625000e+01
9.167776489257812500e+01
9.126501464843750000e+01
9.216917419433593750e+01
9.127881622314453125e+01
9.174880218505859375e+01
9.143852233886718750e+01
9.300555419921875000e+01
9.178567504882812500e+01
9.331411743164062500e+01
9.209233856201171875e+01
9.086551666259765625e+01
9.224111938476562500e+01
9.305567169189453125e+01
9.482906341552734375e+01
9.199903869628906250e+01
9.090612030029296875e+01
9.741037750244140625e+01
9.428354644775390625e+01
8.724065399169921875e+01
9.240699768066406250e+01
9.299581146240234375e+01
9.157431793212890625e+01
9.558870697021484375e+01
9.591912078857421875e+01
1.047013473510742188e+02
9.734813690185546875e+01
8.773042297363281250e+01
9.518518066406250000e+01
9.384950256347656250e+01
9.700128936767578125e+01
9.510245513916015625e+01
9.347712707519531250e+01
9.336078643798828125e+01
9.144521331787109375e+01
9.129153442382812500e+01
9.159308624267578125e+01
9.106417083740234375e+01
9.239321899414062500e+01
9.168334197998046875e+01
9.257754516601562500e+01
9.436406707763671875e+01
9.209426116943359375e+01
9.283478546142578125e+01
9.283954620361328125e+01
9.225013732910156250e+01
9.287686920166015625e+01
9.388558959960937500e+01
9.080492401123046875e+01
9.302973937988281250e+01
9.741158294677734375e+01
9.788578796386718750e+01
8.828576660156250000e+01
9.280680084228515625e+01
9.277263641357421875e+01
9.327434539794921875e+01
9.620363616943359375e+01
9.359236145019531250e+01
9.449083709716796875e+01
9.998607635498046875e+01
9.140747070312500000e+01
9.529375457763671875e+01
9.031556701660156250e+01
9.598645019531250000e+01
9.565526580810546875e+01
9.694728851318359375e+01
9.349080657958984375e+01
9.036692047119140625e+01
9.038373565673828125e+01
9.077547454833984375e+01
8.986025238037109375e+01
9.097412872314453125e+01
9.112807464599609375e+01
9.191065216064453125e+01
9.324692535400390625e+01
9.143226623535156250e+01
9.170198822021484375e+01
8.946429443359375000e+01
9.405594635009765625e+01
9.139395904541015625e+01
9.434627532958984375e+01
9.180696868896484375e+01
9.342039489746093750e+01
9.726307678222656250e+01
8.684185791015625000e+01
8.881569671630859375e+01
9.235781097412109375e+01
9.345107269287109375e+01
9.426946258544921875e+01
9.800923919677734375e+01
9.258268737792968750e+01
1.026473846435546875e+02
8.853408050537109375e+01
9.338224792480468750e+01
9.990674591064453125e+01
8.776817321777343750e+01
9.734467315673828125e+01
9.653516387939453125e+01
9.652192687988281250e+01
9.496089172363281250e+01
9.276543426513671875e+01
9.150228881835937500e+01
9.131604003906250000e+01
9.115611267089843750e+01
9.225726318359375000e+01
9.248288726806640625e+01
9.283063507080078125e+01
9.537139129638671875e+01
9.300989532470703125e+01
9.443595123291015625e+01
9.172611999511718750e+01
9.552958679199218750e+01
9.324488067626953125e+01
9.309428405761718750e+01
9.251853942871093750e+01
9.553071594238281250e+01
9.852433013916015625e+01
9.513986968994140625e+01
8.612384033203125000e+01
9.341666412353515625e+01
9.243852996826171875e+01
9.155285644531250000e+01
9.831976318359375000e+01
9.841348266601562500e+01
1.008755493164062500e+02
9.040533447265625000e+01
8.630611419677734375e+01
9.526271820068359375e+01
9.311605072021484375e+01
9.636578369140625000e+01
9.231097412109375000e+01
9.795824432373046875e+01
9.608538818359375000e+01
9.317010498046875000e+01
9.136723327636718750e+01
9.139575958251953125e+01
9.010719299316406250e+01
9.002993011474609375e+01
9.132621765136718750e+01
9.214141845703125000e+01
9.366069793701171875e+01
9.037199401855468750e+01
9.124603271484375000e+01
9.185605621337890625e+01
9.255586242675781250e+01
9.211018371582031250e+01
9.532884979248046875e+01
9.124193572998046875e+01
9.535625457763671875e+01
9.694177246093750000e+01
8.604463195800781250e+01
9.013366699218750000e+01
9.136019897460937500e+01
9.288280487060546875e+01
9.500485229492187500e+01
9.878743743896484375e+01
9.857695770263671875e+01
9.947937011718750000e+01
8.669766998291015625e+01
9.155458068847656250e+01
9.422497558593750000e+01
9.464460754394531250e+01
9.983600616455078125e+01
9.078823089599609375e+01
9.852263641357421875e+01
9.547605133056640625e+01
9.609772491455078125e+01
9.296149444580078125e+01
9.267279815673828125e+01
9.248027801513671875e+01
9.193820953369140625e+01
9.216696929931640625e+01
9.263347625732421875e+01
9.386750030517578125e+01
9.297730255126953125e+01
9.376807403564453125e+01
9.236666870117187500e+01
9.527548217773437500e+01
9.392900848388671875e+01
9.475305938720703125e+01
9.456366729736328125e+01
9.889495086669921875e+01
9.835575866699218750e+01
9.134339904785156250e+01
8.820494842529296875e+01
9.255087280273437500e+01
9.005446624755859375e+01
9.176013946533203125e+01
9.913809204101562500e+01
9.351622772216796875e+01
1.022493820190429688e+02
9.271344757080078125e+01
8.737921142578125000e+01
9.026846313476562500e+01
8.799980926513671875e+01
9.710731506347656250e+01
9.740912628173828125e+01
9.526373291015625000e+01
9.235973358154296875e+01
9.428333282470703125e+01
9.417938232421875000e+01
9.248020935058593750e+01
9.146484375000000000e+01
9.053163146972656250e+01
9.127941894531250000e+01
9.034090423583984375e+01
9.236526489257812500e+01
9.096901702880859375e+01
9.050054168701171875e+01
9.176770019531250000e+01
9.256008911132812500e+01
9.408245849609375000e+01
9.327331542968750000e+01
9.092181396484375000e+01
9.638303375244140625e+01
9.454989624023437500e+01
8.666899108886718750e+01
9.060464477539062500e+01
9.284929656982421875e+01
9.295600128173828125e+01
9.520198059082031250e+01
9.700066375732421875e+01
1.016834564208984375e+02
9.396315002441406250e+01
9.199018096923828125e+01
9.293833160400390625e+01
9.046520233154296875e+01
9.390500640869140625e+01
9.699839019775390625e+01
9.674256896972656250e+01
1.010760192871093750e+02
9.139292907714843750e+01
9.794109344482421875e+01
9.500096893310546875e+01
9.546658325195312500e+01
9.399840545654296875e+01
9.345597839355468750e+01
9.232136535644531250e+01
9.265377044677734375e+01
9.260087585449218750e+01
9.301453399658203125e+01
9.384264373779296875e+01
9.266020202636718750e+01
9.271977996826171875e+01
9.446768188476562500e+01
9.387116241455078125e+01
9.469628906250000000e+01
9.888371276855468750e+01
9.886915588378906250e+01
8.833110809326171875e+01
9.079193878173828125e+01
9.228682708740234375e+01
8.993101501464843750e+01
9.356233978271484375e+01
9.655879974365234375e+01
9.392622375488281250e+01
1.030078811645507812e+02
8.749423980712890625e+01
9.059166717529296875e+01
9.565809631347656250e+01
9.088730621337890625e+01
9.445809173583984375e+01
9.301407623291015625e+01
9.616280364990234375e+01
9.717327117919921875e+01
9.160447692871093750e+01
9.298883819580078125e+01
9.341921997070312500e+01
9.422751617431640625e+01
9.215483093261718750e+01
9.244024658203125000e+01
9.156648254394531250e+01
9.196353912353515625e+01
9.192642974853515625e+01
9.041299438476562500e+01
9.253585815429687500e+01
9.209705352783203125e+01
9.421044921875000000e+01
9.170133209228515625e+01
9.185643768310546875e+01
9.737712097167968750e+01
9.060337829589843750e+01
8.778046417236328125e+01
9.060643768310546875e+01
9.254381561279296875e+01
9.278656768798828125e+01
9.723437500000000000e+01
9.570796966552734375e+01
1.026367416381835938e+02
8.894933319091796875e+01
9.199214172363281250e+01
9.391483306884765625e+01
9.331520843505859375e+01
9.390392303466796875e+01
9.205041503906250000e+01
9.237521362304687500e+01
9.645812988281250000e+01
9.598638916015625000e+01
9.932270812988281250e+01
9.056654357910156250e+01
9.593217468261718750e+01
9.442527770996093750e+01
9.497170257568359375e+01
9.253001403808593750e+01
9.471082305908203125e+01
9.092615509033203125e+01
9.213198852539062500e+01
9.127575683593750000e+01
9.230187988281250000e+01
9.239012145996093750e+01
9.349907684326171875e+01
9.060232543945312500e+01
9.287937927246093750e+01
9.775253295898437500e+01
9.689472961425781250e+01
8.606012725830078125e+01
9.226309967041015625e+01
9.124156951904296875e+01
8.946908569335937500e+01
9.534246063232421875e+01
9.424010467529296875e+01
9.647730255126953125e+01
9.580107116699218750e+01
8.790315246582031250e+01
9.367217254638671875e+01
9.183520507812500000e+01
9.451304626464843750e+01
9.675705718994140625e+01
9.325653839111328125e+01
9.278512573242187500e+01
9.121602630615234375e+01
9.477765655517578125e+01
9.802143096923828125e+01
8.910313415527343750e+01
9.250485992431640625e+01
9.396289825439453125e+01
9.569525909423828125e+01
9.515072631835937500e+01
9.137471008300781250e+01
9.189216613769531250e+01
8.886902618408203125e+01
9.372973632812500000e+01
9.140100860595703125e+01
9.489736938476562500e+01
9.243781280517578125e+01
9.429234313964843750e+01
9.748180389404296875e+01
8.754756164550781250e+01
8.927028656005859375e+01
9.154235076904296875e+01
9.366386413574218750e+01
9.245199584960937500e+01
9.806005096435546875e+01
9.460140228271484375e+01
1.033652725219726562e+02
8.746168518066406250e+01
9.110359954833984375e+01
9.456315612792968750e+01
9.183530426025390625e+01
9.490373992919921875e+01
9.572741699218750000e+01
9.314027404785156250e+01
9.248264312744140625e+01
9.217595672607421875e+01
9.598969268798828125e+01
9.612290954589843750e+01
9.654859924316406250e+01
9.114048767089843750e+01
9.640674591064453125e+01
9.465037536621093750e+01
9.840085601806640625e+01
9.262285614013671875e+01
9.368644714355468750e+01
9.063149261474609375e+01
9.391662597656250000e+01
9.218345642089843750e+01
9.237374114990234375e+01
9.228896331787109375e+01
9.504958343505859375e+01
9.829776763916015625e+01
9.441051483154296875e+01
8.664830017089843750e+01
9.282798767089843750e+01
9.051582336425781250e+01
9.071631622314453125e+01
9.707631683349609375e+01
9.355558776855468750e+01
9.944656372070312500e+01
9.210787963867187500e+01
8.833734130859375000e+01
9.181439971923828125e+01
8.958669281005859375e+01
9.517815399169921875e+01
9.364207458496093750e+01
9.667364501953125000e+01
9.590470123291015625e+01
8.937056732177734375e+01
9.142547607421875000e+01
9.244521331787109375e+01
9.397943878173828125e+01
9.788442230224609375e+01
8.988619995117187500e+01
9.438728332519531250e+01
9.653647613525390625e+01
9.362406158447265625e+01
9.288971710205078125e+01
9.174403381347656250e+01
9.289456176757812500e+01
9.060222625732421875e+01
9.529287719726562500e+01
9.147038269042968750e+01
9.560205078125000000e+01
9.656126403808593750e+01
8.615943908691406250e+01
8.981452941894531250e+01
9.136241912841796875e+01
9.233056640625000000e+01
9.325955200195312500e+01
9.772338104248046875e+01
9.535028839111328125e+01
9.927530670166015625e+01
8.819821929931640625e+01
9.102843475341796875e+01
9.213625335693359375e+01
9.165885925292968750e+01
9.274840545654296875e+01
9.414409637451171875e+01
9.581356048583984375e+01
9.433233642578125000e+01
9.206285858154296875e+01
9.101842498779296875e+01
9.162452697753906250e+01
9.603817749023437500e+01
9.644773101806640625e+01
9.595702362060546875e+01
9.235275268554687500e+01
9.802802276611328125e+01
9.497451019287109375e+01
9.663803863525390625e+01
9.236105346679687500e+01
9.471083831787109375e+01
9.207513427734375000e+01
9.231121063232421875e+01
9.335375213623046875e+01
9.830404663085937500e+01
9.825466156005859375e+01
9.202305603027343750e+01
8.741933441162109375e+01
9.249292755126953125e+01
9.066490936279296875e+01
9.130368041992187500e+01
9.727945709228515625e+01
9.310570526123046875e+01
1.006398162841796875e+02
8.951248931884765625e+01
8.802284240722656250e+01
9.136634826660156250e+01
8.881598663330078125e+01
9.321446228027343750e+01
9.367726898193359375e+01
9.668521118164062500e+01
9.297849273681640625e+01
9.397030639648437500e+01
9.487235260009765625e+01
8.973435974121093750e+01
9.132568359375000000e+01
9.256825256347656250e+01
9.437574005126953125e+01
9.891973876953125000e+01
9.067879486083984375e+01
9.386448669433593750e+01
9.258332824707031250e+01
9.483339691162109375e+01
9.354412078857421875e+01
9.381183624267578125e+01
9.359539031982421875e+01
9.039499664306640625e+01
9.527362060546875000e+01
9.532328033447265625e+01
8.634374237060546875e+01
8.999885559082031250e+01
9.128774261474609375e+01
9.291038513183593750e+01
9.375124359130859375e+01
9.686107635498046875e+01
9.825894165039062500e+01
9.453929901123046875e+01
8.892638397216796875e+01
9.194455718994140625e+01
9.150057983398437500e+01
9.342960357666015625e+01
9.373224639892578125e+01
9.382590484619140625e+01
9.544528961181640625e+01
9.350371551513671875e+01
9.436930847167968750e+01
9.377349090576171875e+01
9.139578247070312500e+01
9.237312316894531250e+01
9.238876342773437500e+01
9.672417449951171875e+01
9.733633422851562500e+01
9.480875396728515625e+01
9.323255157470703125e+01
9.661968994140625000e+01
9.428450012207031250e+01
9.582151794433593750e+01
9.459788513183593750e+01
9.422732543945312500e+01
9.317308044433593750e+01
9.745350646972656250e+01
9.821450805664062500e+01
8.986203002929687500e+01
8.968016052246093750e+01
9.249315643310546875e+01
9.001940917968750000e+01
9.304377746582031250e+01
9.699957275390625000e+01
9.397762298583984375e+01
1.009219207763671875e+02
8.828216552734375000e+01
8.847042083740234375e+01
9.151952362060546875e+01
9.064294433593750000e+01
9.569822692871093750e+01
9.422338104248046875e+01
9.394873809814453125e+01
9.268205261230468750e+01
9.371838378906250000e+01
9.261265563964843750e+01
9.423327636718750000e+01
9.430506896972656250e+01
8.968316650390625000e+01
9.216294860839843750e+01
9.296760559082031250e+01
9.492450714111328125e+01
9.894454956054687500e+01
8.835474395751953125e+01
9.558432769775390625e+01
9.477526855468750000e+01
9.794494628906250000e+01
9.235719299316406250e+01
9.106927490234375000e+01
9.660402679443359375e+01
9.199380493164062500e+01
8.675285339355468750e+01
9.026511383056640625e+01
9.255731964111328125e+01
9.281999969482421875e+01
9.583415985107421875e+01
9.603547668457031250e+01
1.013502731323242188e+02
9.030149841308593750e+01
8.954034423828125000e+01
9.275831604003906250e+01
9.085066223144531250e+01
9.415290069580078125e+01
9.371670532226562500e+01
9.395780944824218750e+01
9.400444793701171875e+01
9.374533843994140625e+01
9.447687530517578125e+01
9.258488464355468750e+01
9.399613189697265625e+01
9.441525268554687500e+01
9.180258941650390625e+01
9.252603149414062500e+01
9.418450164794921875e+01
9.620111083984375000e+01
9.815582275390625000e+01
9.361150360107421875e+01
9.430454254150390625e+01
9.645355987548828125e+01
9.731931304931640625e+01
9.408116912841796875e+01
9.389612579345703125e+01
9.803667449951171875e+01
9.729471588134765625e+01
8.643257141113281250e+01
9.149122619628906250e+01
9.241638183593750000e+01
9.007841491699218750e+01
9.451541137695312500e+01
9.618821716308593750e+01
9.562554168701171875e+01
9.905864715576171875e+01
8.854750061035156250e+01
9.034805297851562500e+01
9.235906982421875000e+01
9.242935180664062500e+01
9.478097534179687500e+01
9.443283843994140625e+01
9.383717346191406250e+01
9.186308288574218750e+01
9.183779144287109375e+01
9.326475524902343750e+01
9.287764739990234375e+01
9.236946105957031250e+01
9.549378967285156250e+01
9.486131286621093750e+01
9.119126129150390625e+01
9.142398834228515625e+01
9.456081390380859375e+01
9.342478179931640625e+01
1.006429672241210938e+02
8.987429046630859375e+01
9.752912139892578125e+01
9.403131866455078125e+01
9.555337524414062500e+01
9.839007568359375000e+01
8.870211791992187500e+01
8.773055267333984375e+01
8.923790740966796875e+01
9.260059356689453125e+01
9.261280059814453125e+01
9.789038848876953125e+01
9.449984741210937500e+01
1.030120544433593750e+02
8.741085052490234375e+01
8.985717010498046875e+01
9.292077636718750000e+01
9.058456420898437500e+01
9.406513214111328125e+01
9.360909271240234375e+01
9.277600097656250000e+01
9.333928680419921875e+01
9.279174804687500000e+01
9.218193817138671875e+01
9.253050994873046875e+01
9.326097106933593750e+01
9.223781585693359375e+01
9.418152618408203125e+01
9.293579864501953125e+01
9.386386108398437500e+01
9.222434997558593750e+01
9.415116119384765625e+01
9.534341430664062500e+01
9.971275329589843750e+01
9.137955474853515625e+01
9.504589843750000000e+01
9.377996826171875000e+01
9.633088684082031250e+01
9.966408538818359375e+01
9.636976623535156250e+01
8.544951629638671875e+01
9.191102600097656250e+01
8.985144042968750000e+01
8.991056060791015625e+01
9.609105682373046875e+01
9.412052154541015625e+01
9.811996459960937500e+01
9.373004150390625000e+01
8.835399627685546875e+01
9.150312042236328125e+01
9.079537200927734375e+01
9.245407104492187500e+01
9.272967529296875000e+01
9.398694610595703125e+01
9.287965393066406250e+01
9.046205902099609375e+01
9.139619445800781250e+01
9.153876495361328125e+01
9.092581176757812500e+01
9.212195587158203125e+01
9.260666656494140625e+01
9.281920623779296875e+01
9.783606719970703125e+01
9.179726409912109375e+01
9.034839630126953125e+01
8.906955718994140625e+01
9.574729156494140625e+01
9.286872863769531250e+01
1.008475494384765625e+02
8.970218658447265625e+01
9.754035186767578125e+01
9.874530029296875000e+01
8.925626373291015625e+01
8.914411926269531250e+01
9.013578796386718750e+01
9.173538970947265625e+01
9.185264587402343750e+01
9.771646881103515625e+01
9.442127990722656250e+01
1.019654464721679688e+02
8.689740753173828125e+01
9.010691833496093750e+01
9.260678100585937500e+01
9.049555206298828125e+01
9.247132110595703125e+01
9.355452728271484375e+01
9.384705352783203125e+01
9.291113281250000000e+01
9.258061218261718750e+01
9.210246276855468750e+01
9.280813598632812500e+01
9.201899719238281250e+01
9.289846038818359375e+01
9.396550750732421875e+01
9.285378265380859375e+01
9.684385681152343750e+01
9.278029632568359375e+01
9.281472778320312500e+01
9.224849700927734375e+01
9.620751190185546875e+01
9.608972167968750000e+01
9.895944213867187500e+01
9.180729675292968750e+01
9.976284790039062500e+01
1.011788177490234375e+02
9.707044982910156250e+01
8.886766052246093750e+01
9.355039215087890625e+01
9.012248229980468750e+01
9.033168029785156250e+01
9.712804412841796875e+01
9.358979797363281250e+01
1.008616104125976562e+02
9.062407684326171875e+01
8.817716979980468750e+01
9.196254730224609375e+01
8.886380004882812500e+01
9.293307495117187500e+01
9.404553222656250000e+01
9.502012634277343750e+01
9.357133483886718750e+01
9.123588562011718750e+01
9.182714843750000000e+01
9.158156585693359375e+01
9.214836120605468750e+01
9.068391418457031250e+01
9.272189331054687500e+01
9.370579528808593750e+01
9.460637664794921875e+01
9.192870330810546875e+01
9.549597167968750000e+01
9.308264923095703125e+01
9.148043823242187500e+01
9.169034576416015625e+01
9.773771667480468750e+01
9.411512756347656250e+01
1.006364669799804688e+02
9.479327392578125000e+01
9.037696838378906250e+01
9.244802856445312500e+01
9.419889068603515625e+01
9.275644683837890625e+01
9.324092102050781250e+01
9.740114593505859375e+01
9.629267883300781250e+01
9.765702819824218750e+01
8.917971801757812500e+01
9.197254180908203125e+01
9.187509155273437500e+01
9.266419219970703125e+01
9.338356018066406250e+01
9.364469146728515625e+01
9.511487579345703125e+01
9.317980194091796875e+01
9.293112945556640625e+01
9.267711639404296875e+01
9.293390655517578125e+01
9.325642395019531250e+01
9.397825622558593750e+01
9.304493713378906250e+01
9.381063079833984375e+01
9.568395996093750000e+01
9.385652160644531250e+01
9.583610534667968750e+01
9.299263000488281250e+01
9.351843261718750000e+01
9.477386474609375000e+01
9.616156768798828125e+01
9.744274139404296875e+01
1.050608062744140625e+02
9.624743652343750000e+01
9.548053741455078125e+01
9.164248657226562500e+01
9.614611053466796875e+01
9.185330963134765625e+01
9.237571716308593750e+01
9.651712799072265625e+01
9.240845489501953125e+01
1.005232238769531250e+02
8.836817169189453125e+01
8.812412261962890625e+01
9.138370513916015625e+01
8.917588043212890625e+01
9.461925506591796875e+01
9.367880249023437500e+01
9.399124145507812500e+01
9.249954223632812500e+01
9.141130828857421875e+01
9.172198486328125000e+01
9.084078216552734375e+01
9.160193634033203125e+01
9.106631469726562500e+01
9.241830444335937500e+01
9.061347961425781250e+01
9.293633270263671875e+01
9.243158721923828125e+01
9.118108367919921875e+01
9.316987609863281250e+01
9.685915374755859375e+01
9.523243713378906250e+01
9.174322509765625000e+01
8.922673034667968750e+01
9.764356231689453125e+01
9.744461059570312500e+01
9.107359313964843750e+01
8.972749328613281250e+01
9.556047058105468750e+01
9.458901977539062500e+01
9.654508209228515625e+01
9.635697937011718750e+01
9.950417327880859375e+01
9.168804931640625000e+01
8.842193603515625000e+01
9.264669036865234375e+01
9.115890502929687500e+01
9.388808441162109375e+01
9.386493682861328125e+01
9.363889312744140625e+01
9.442073822021484375e+01
9.294944763183593750e+01
9.270981597900390625e+01
9.227119445800781250e+01
9.164720153808593750e+01
9.287756347656250000e+01
9.285176086425781250e+01
9.295354461669921875e+01
9.378701782226562500e+01
9.295399475097656250e+01
9.328289031982421875e+01
9.491452789306640625e+01
9.264897155761718750e+01
9.469444274902343750e+01
9.422323608398437500e+01
9.221741485595703125e+01
9.453953552246093750e+01
9.943665313720703125e+01
1.006101379394531250e+02
9.700768280029296875e+01
8.804802703857421875e+01
9.571802520751953125e+01
9.174034118652343750e+01
9.601161193847656250e+01
9.717942047119140625e+01
9.373064422607421875e+01
9.931089782714843750e+01
8.617753601074218750e+01
8.805001068115234375e+01
9.141253662109375000e+01
9.073793029785156250e+01
9.534223175048828125e+01
9.369239807128906250e+01
9.363034057617187500e+01
9.209362792968750000e+01
9.160913848876953125e+01
9.222472381591796875e+01
9.091318511962890625e+01
9.175347137451171875e+01
9.101148223876953125e+01
9.279088592529296875e+01
9.229679870605468750e+01
9.326019287109375000e+01
9.201354980468750000e+01
9.109394073486328125e+01
9.408950805664062500e+01
9.359087371826171875e+01
9.643862152099609375e+01
9.611817932128906250e+01
9.211594390869140625e+01
9.685678863525390625e+01
9.001056671142578125e+01
9.155031585693359375e+01
9.461425781250000000e+01
9.544517517089843750e+01
9.275298309326171875e+01
1.000740509033203125e+02
9.866387939453125000e+01
1.043989410400390625e+02
8.987198638916015625e+01
9.015016937255859375e+01
9.267888641357421875e+01
9.065274047851562500e+01
9.387358093261718750e+01
9.391446685791015625e+01
9.396787261962890625e+01
9.444223785400390625e+01
9.359109497070312500e+01
