1.595144500732421875e+02
1.603824462890625000e+02
1.582779235839843750e+02
1.577866821289062500e+02
1.576783294677734375e+02
1.598487701416015625e+02
1.609739532470703125e+02
1.618986511230468750e+02
1.630320892333984375e+02
1.608928222656250000e+02
1.592359924316406250e+02
1.599058990478515625e+02
1.635168914794921875e+02
1.613794708251953125e+02
1.574079132080078125e+02
1.572677154541015625e+02
1.572136688232421875e+02
1.622924194335937500e+02
1.661637573242187500e+02
1.607880706787109375e+02
1.606216888427734375e+02
1.663433837890625000e+02
1.630260162353515625e+02
1.679443359375000000e+02
1.707631530761718750e+02
1.650795440673828125e+02
1.517217254638671875e+02
1.580896759033203125e+02
1.607456054687500000e+02
1.598680725097656250e+02
1.599872589111328125e+02
1.603065490722656250e+02
1.617610778808593750e+02
1.606153411865234375e+02
1.598295593261718750e+02
1.599366607666015625e+02
1.605001831054687500e+02
1.607357788085937500e+02
1.612895050048828125e+02
1.615594177246093750e+02
1.614145507812500000e+02
1.629436187744140625e+02
1.646795043945312500e+02
1.625605926513671875e+02
1.622049255371093750e+02
1.624563293457031250e+02
1.647488403320312500e+02
1.586912384033203125e+02
1.598602447509765625e+02
1.572749633789062500e+02
1.574529724121093750e+02
1.616192932128906250e+02
1.665875091552734375e+02
1.667713165283203125e+02
1.638925018310546875e+02
1.660745849609375000e+02
1.648774261474609375e+02
1.644581451416015625e+02
1.720898895263671875e+02
1.606675262451171875e+02
1.569358673095703125e+02
1.604104156494140625e+02
1.584378051757812500e+02
1.579911346435546875e+02
1.587001647949218750e+02
1.593835296630859375e+02
1.605562438964843750e+02
1.594892272949218750e+02
1.613379211425781250e+02
1.595408630371093750e+02
1.573204650878906250e+02
1.572563018798828125e+02
1.592401275634765625e+02
1.604073638916015625e+02
1.608576202392578125e+02
1.614705047607421875e+02
1.608407135009765625e+02
1.613441467285156250e+02
1.592686767578125000e+02
1.626001434326171875e+02
1.610272521972656250e+02
1.565926818847656250e+02
1.632962493896484375e+02
1.584517822265625000e+02
1.551200256347656250e+02
1.608277587890625000e+02
1.642036743164062500e+02
1.623582458496093750e+02
1.617732086181640625e+02
1.620203857421875000e+02
1.583379974365234375e+02
1.549896850585937500e+02
1.687512054443359375e+02
1.571636810302734375e+02
1.570159301757812500e+02
1.615366973876953125e+02
1.603527984619140625e+02
1.605089874267578125e+02
1.614469299316406250e+02
1.611121520996093750e+02
1.618160400390625000e+02
1.596569519042968750e+02
1.607537994384765625e+02
1.594958801269531250e+02
1.617474060058593750e+02
1.617603759765625000e+02
1.622611236572265625e+02
1.620791931152343750e+02
1.624983062744140625e+02
1.636816253662109375e+02
1.643243255615234375e+02
1.614879913330078125e+02
1.641739196777343750e+02
1.626705017089843750e+02
1.684188232421875000e+02
1.556456451416015625e+02
1.582841339111328125e+02
1.590423431396484375e+02
1.595718841552734375e+02
1.670719146728515625e+02
1.652393951416015625e+02
1.629109344482421875e+02
1.669442138671875000e+02
1.675512542724609375e+02
1.663674011230468750e+02
1.708968811035156250e+02
1.574673614501953125e+02
1.602057342529296875e+02
1.611196899414062500e+02
1.576288757324218750e+02
1.596822052001953125e+02
1.606163330078125000e+02
1.627471008300781250e+02
1.621475524902343750e+02
1.611031494140625000e+02
1.602099151611328125e+02
1.608434448242187500e+02
1.587350921630859375e+02
1.592883300781250000e+02
1.589341583251953125e+02
1.613557281494140625e+02
1.622176361083984375e+02
1.627647552490234375e+02
1.627896575927734375e+02
1.621269226074218750e+02
1.608872222900390625e+02
1.606741485595703125e+02
1.647810516357421875e+02
1.614923706054687500e+02
1.576444549560546875e+02
1.565017089843750000e+02
1.582185821533203125e+02
1.623379821777343750e+02
1.664089355468750000e+02
1.612945404052734375e+02
1.628767547607421875e+02
1.663248748779296875e+02
1.671540374755859375e+02
1.604010620117187500e+02
1.490934448242187500e+02
1.727180328369140625e+02
1.531230926513671875e+02
1.620965576171875000e+02
1.604568481445312500e+02
1.617526855468750000e+02
1.605580444335937500e+02
1.616148223876953125e+02
1.632509307861328125e+02
1.608483276367187500e+02
1.606621398925781250e+02
1.607323760986328125e+02
1.616081542968750000e+02
1.602197113037109375e+02
1.617225189208984375e+02
1.620584564208984375e+02
1.620226135253906250e+02
1.636223297119140625e+02
1.649902954101562500e+02
1.634922485351562500e+02
1.629614105224609375e+02
1.636426696777343750e+02
1.647338714599609375e+02
1.606244201660156250e+02
1.589307708740234375e+02
1.594609222412109375e+02
1.585932312011718750e+02
1.611772003173828125e+02
1.663357696533203125e+02
1.666390228271484375e+02
1.650176696777343750e+02
1.640273284912109375e+02
1.633401031494140625e+02
1.723101348876953125e+02
1.592124481201171875e+02
1.575899353027343750e+02
1.630012359619140625e+02
1.596749877929687500e+02
1.587006530761718750e+02
1.585497131347656250e+02
1.588462982177734375e+02
1.607922363281250000e+02
1.603230133056640625e+02
1.601823425292968750e+02
1.597158813476562500e+02
1.579569854736328125e+02
1.584088287353515625e+02
1.570691528320312500e+02
1.604898376464843750e+02
1.611900024414062500e+02
1.616969146728515625e+02
1.610168609619140625e+02
1.620502471923828125e+02
1.621442871093750000e+02
1.595148773193359375e+02
1.631617431640625000e+02
1.608401184082031250e+02
1.574530639648437500e+02
1.623112792968750000e+02
1.585015411376953125e+02
1.546409301757812500e+02
1.602620544433593750e+02
1.639270629882812500e+02
1.622651214599609375e+02
1.623361206054687500e+02
1.621403503417968750e+02
1.591894226074218750e+02
1.433790435791015625e+02
1.695404968261718750e+02
1.557664184570312500e+02
1.590677947998046875e+02
1.609293823242187500e+02
1.607868499755859375e+02
1.599595642089843750e+02
1.605859527587890625e+02
1.621144256591796875e+02
1.597700347900390625e+02
1.600898590087890625e+02
1.596830444335937500e+02
1.589660949707031250e+02
1.603907318115234375e+02
1.608109893798828125e+02
1.614557037353515625e+02
1.622712402343750000e+02
1.619600372314453125e+02
1.626810607910156250e+02
1.632252197265625000e+02
1.604678192138671875e+02
1.625081176757812500e+02
1.603080596923828125e+02
1.643313751220703125e+02
1.560028839111328125e+02
1.579495086669921875e+02
1.585910339355468750e+02
1.591082763671875000e+02
1.665446319580078125e+02
1.631267852783203125e+02
1.623911895751953125e+02
1.671794281005859375e+02
1.666750488281250000e+02
1.660150604248046875e+02
1.714785003662109375e+02
1.571209411621093750e+02
1.591646575927734375e+02
1.605715789794921875e+02
1.570351867675781250e+02
1.594142456054687500e+02
1.588423309326171875e+02
1.608696136474609375e+02
1.605039215087890625e+02
1.608329925537109375e+02
1.588807678222656250e+02
1.571264190673828125e+02
1.589389648437500000e+02
1.568594512939453125e+02
1.586765136718750000e+02
1.610197753906250000e+02
1.616593017578125000e+02
1.612771606445312500e+02
1.612031860351562500e+02
1.620247650146484375e+02
1.592440948486328125e+02
1.594464263916015625e+02
1.631330871582031250e+02
1.612255096435546875e+02
1.570312500000000000e+02
1.564858856201171875e+02
1.570098419189453125e+02
1.620368957519531250e+02
1.649029693603515625e+02
1.594435729980468750e+02
1.595007324218750000e+02
1.656323699951171875e+02
1.668568267822265625e+02
1.596372070312500000e+02
1.472202758789062500e+02
1.720674133300781250e+02
1.532860107421875000e+02
1.614976654052734375e+02
1.598847198486328125e+02
1.598945465087890625e+02
1.592508544921875000e+02
1.618469085693359375e+02
1.624154510498046875e+02
1.600349121093750000e+02
1.592467041015625000e+02
1.599566192626953125e+02
1.607213745117187500e+02
1.596763763427734375e+02
1.607411346435546875e+02
1.614435119628906250e+02
1.631256103515625000e+02
1.628242340087890625e+02
1.647376403808593750e+02
1.635821990966796875e+02
1.619161376953125000e+02
1.623837585449218750e+02
1.620108795166015625e+02
1.607752075195312500e+02
1.584647827148437500e+02
1.598487396240234375e+02
1.578600616455078125e+02
1.613086853027343750e+02
1.658803863525390625e+02
1.668367919921875000e+02
1.635345153808593750e+02
1.634375152587890625e+02
1.621227874755859375e+02
1.717978820800781250e+02
1.570784606933593750e+02
1.565865631103515625e+02
1.623890075683593750e+02
1.591369934082031250e+02
1.577541656494140625e+02
1.580390167236328125e+02
1.590369110107421875e+02
1.596578063964843750e+02
1.604085083007812500e+02
1.597600860595703125e+02
1.576300659179687500e+02
1.577617645263671875e+02
1.574539489746093750e+02
1.585667114257812500e+02
1.605241088867187500e+02
1.606407012939453125e+02
1.601057739257812500e+02
1.613009643554687500e+02
1.625693359375000000e+02
1.615322723388671875e+02
1.589590454101562500e+02
1.630674133300781250e+02
1.609804077148437500e+02
1.572366943359375000e+02
1.624666748046875000e+02
1.586240081787109375e+02
1.546701507568359375e+02
1.605709991455078125e+02
1.641348114013671875e+02
1.617308197021484375e+02
1.623349456787109375e+02
1.643027191162109375e+02
1.567890167236328125e+02
1.411549224853515625e+02
1.692279815673828125e+02
1.573561859130859375e+02
1.609588623046875000e+02
1.613248291015625000e+02
1.607761688232421875e+02
1.595658111572265625e+02
1.616219787597656250e+02
1.619679718017578125e+02
1.609142913818359375e+02
1.590571136474609375e+02
1.601951293945312500e+02
1.593847351074218750e+02
1.597994232177734375e+02
1.609188079833984375e+02
1.614462890625000000e+02
1.622913360595703125e+02
1.620856475830078125e+02
1.628027648925781250e+02
1.631644897460937500e+02
1.612521667480468750e+02
1.635655822753906250e+02
1.576702117919921875e+02
1.650411071777343750e+02
1.561497344970703125e+02
1.608229827880859375e+02
1.594783020019531250e+02
1.606789245605468750e+02
1.656100616455078125e+02
1.646663208007812500e+02
1.635328674316406250e+02
1.673953094482421875e+02
1.681696777343750000e+02
1.629380187988281250e+02
1.469453735351562500e+02
1.498960876464843750e+02
1.634973907470703125e+02
1.620591735839843750e+02
1.581993713378906250e+02
1.600415191650390625e+02
1.591705627441406250e+02
1.603075408935546875e+02
1.609035797119140625e+02
1.604548950195312500e+02
1.568750915527343750e+02
1.592497406005859375e+02
1.577059326171875000e+02
1.587785186767578125e+02
1.598253631591796875e+02
1.617626800537109375e+02
1.612485656738281250e+02
1.608398742675781250e+02
1.635223846435546875e+02
1.615763854980468750e+02
1.595835571289062500e+02
1.580442199707031250e+02
1.644645233154296875e+02
1.621286010742187500e+02
1.570493621826171875e+02
1.562610626220703125e+02
1.569814300537109375e+02
1.614813079833984375e+02
1.654283142089843750e+02
1.599362487792968750e+02
1.609529113769531250e+02
1.686996765136718750e+02
1.685886535644531250e+02
1.603611450195312500e+02
1.597632446289062500e+02
1.647135314941406250e+02
1.577839355468750000e+02
1.617379760742187500e+02
1.584450378417968750e+02
1.600956878662109375e+02
1.598664855957031250e+02
1.619544525146484375e+02
1.614381561279296875e+02
1.605386047363281250e+02
1.596571350097656250e+02
1.603501586914062500e+02
1.604237670898437500e+02
1.607626647949218750e+02
1.618450622558593750e+02
1.624126586914062500e+02
1.620142669677734375e+02
1.617607879638671875e+02
1.646131896972656250e+02
1.634976654052734375e+02
1.615222320556640625e+02
1.606541442871093750e+02
1.625818176269531250e+02
1.615363769531250000e+02
1.596519622802734375e+02
1.602694091796875000e+02
1.580937805175781250e+02
1.593771362304687500e+02
1.654791259765625000e+02
1.664118347167968750e+02
1.630606536865234375e+02
1.614570922851562500e+02
1.622604675292968750e+02
1.554573974609375000e+02
1.511306915283203125e+02
1.503810882568359375e+02
1.668146362304687500e+02
1.572569427490234375e+02
1.588571014404296875e+02
1.593302612304687500e+02
1.582960815429687500e+02
1.603694305419921875e+02
1.605289306640625000e+02
1.582449951171875000e+02
1.580025482177734375e+02
1.570689849853515625e+02
1.586084289550781250e+02
1.597690124511718750e+02
1.606939086914062500e+02
1.601743927001953125e+02
1.608231506347656250e+02
1.629959106445312500e+02
1.625256805419921875e+02
1.619689941406250000e+02
1.589813537597656250e+02
1.626749267578125000e+02
1.622086029052734375e+02
1.585567474365234375e+02
1.621027069091796875e+02
1.582101440429687500e+02
1.551540374755859375e+02
1.609740905761718750e+02
1.644303283691406250e+02
1.622089843750000000e+02
1.629031066894531250e+02
1.634084472656250000e+02
1.588561248779296875e+02
1.557761535644531250e+02
1.690568847656250000e+02
1.584208679199218750e+02
1.626339569091796875e+02
1.597423858642578125e+02
1.595503997802734375e+02
1.610965423583984375e+02
1.599557189941406250e+02
1.621722564697265625e+02
1.619634094238281250e+02
1.599627380371093750e+02
1.596491699218750000e+02
1.601267089843750000e+02
1.604231719970703125e+02
1.606247100830078125e+02
1.611232147216796875e+02
1.611612701416015625e+02
1.622174530029296875e+02
1.624518737792968750e+02
1.644232482910156250e+02
1.621368560791015625e+02
1.600593872070312500e+02
1.590057373046875000e+02
1.659942932128906250e+02
1.569281311035156250e+02
1.614793853759765625e+02
1.608463592529296875e+02
1.587840270996093750e+02
1.676107482910156250e+02
1.668325195312500000e+02
1.632910461425781250e+02
1.665818481445312500e+02
1.700096130371093750e+02
1.642199401855468750e+02
1.468664245605468750e+02
1.482848968505859375e+02
1.641092376708984375e+02
1.607385559082031250e+02
1.574251861572265625e+02
1.600981903076171875e+02
1.593903503417968750e+02
1.607120361328125000e+02
1.603474731445312500e+02
1.577995605468750000e+02
1.585262603759765625e+02
1.584621734619140625e+02
1.586500396728515625e+02
1.599524841308593750e+02
1.605919036865234375e+02
1.615064697265625000e+02
1.610143890380859375e+02
1.625962677001953125e+02
1.635307617187500000e+02
1.618887023925781250e+02
1.599246673583984375e+02
1.598628387451171875e+02
1.639144134521484375e+02
1.620658416748046875e+02
1.575729370117187500e+02
1.568754577636718750e+02
1.587441101074218750e+02
1.616731109619140625e+02
1.649236907958984375e+02
1.607418518066406250e+02
1.612777404785156250e+02
1.666482391357421875e+02
1.657184600830078125e+02
1.639921264648437500e+02
1.692246856689453125e+02
1.585722351074218750e+02
1.616182556152343750e+02
1.606769104003906250e+02
1.589856872558593750e+02
1.620053100585937500e+02
1.601436462402343750e+02
1.619299926757812500e+02
1.618764343261718750e+02
1.616085205078125000e+02
1.593247070312500000e+02
1.609012298583984375e+02
1.613682556152343750e+02
1.613331756591796875e+02
1.626999359130859375e+02
1.620850830078125000e+02
1.617418518066406250e+02
1.628947753906250000e+02
1.654291839599609375e+02
1.625030975341796875e+02
1.595185241699218750e+02
1.606313323974609375e+02
1.626573028564453125e+02
1.632160186767578125e+02
1.599320831298828125e+02
1.611374969482421875e+02
1.567910766601562500e+02
1.608086090087890625e+02
1.660544586181640625e+02
1.658895111083984375e+02
1.624158630371093750e+02
1.626124572753906250e+02
1.637233581542968750e+02
1.542362823486328125e+02
1.581011962890625000e+02
1.505696868896484375e+02
1.662724304199218750e+02
1.570235748291015625e+02
1.583208618164062500e+02
1.585944671630859375e+02
1.591638031005859375e+02
1.617105560302734375e+02
1.582126312255859375e+02
1.580297088623046875e+02
1.575506591796875000e+02
1.595960388183593750e+02
1.601237945556640625e+02
1.599684295654296875e+02
1.600176696777343750e+02
1.607556457519531250e+02
1.623740234375000000e+02
1.618257904052734375e+02
1.627419128417968750e+02
1.621738739013671875e+02
1.590800933837890625e+02
1.617533416748046875e+02
1.610994262695312500e+02
1.583710784912109375e+02
1.619635314941406250e+02
1.585382385253906250e+02
1.549626312255859375e+02
1.606692199707031250e+02
1.636689300537109375e+02
1.608233337402343750e+02
1.598183593750000000e+02
1.623642578125000000e+02
1.582428131103515625e+02
1.644544982910156250e+02
1.663201446533203125e+02
1.592645874023437500e+02
1.629328765869140625e+02
1.583110809326171875e+02
1.608451690673828125e+02
1.597475128173828125e+02
1.600377044677734375e+02
1.608161163330078125e+02
1.609930572509765625e+02
1.603442687988281250e+02
1.599156799316406250e+02
1.588200531005859375e+02
1.606563110351562500e+02
1.603854064941406250e+02
1.614940948486328125e+02
1.600680694580078125e+02
1.614133758544921875e+02
1.629896545410156250e+02
1.632975616455078125e+02
1.586381988525390625e+02
1.599669189453125000e+02
1.594960937500000000e+02
1.667471466064453125e+02
1.566225433349609375e+02
1.604078979492187500e+02
1.591723022460937500e+02
1.601039581298828125e+02
1.668743438720703125e+02
1.659707946777343750e+02
1.633363647460937500e+02
1.667897033691406250e+02
1.713783111572265625e+02
1.651976470947265625e+02
1.527226562500000000e+02
1.489956665039062500e+02
1.644890441894531250e+02
1.593444366455078125e+02
1.561000976562500000e+02
1.596901245117187500e+02
1.589580688476562500e+02
1.599098052978515625e+02
1.587604522705078125e+02
1.594470214843750000e+02
1.580738830566406250e+02
1.598493804931640625e+02
1.594458618164062500e+02
1.599877624511718750e+02
1.586752014160156250e+02
1.612695770263671875e+02
1.611552429199218750e+02
1.615124816894531250e+02
1.630286254882812500e+02
1.615208587646484375e+02
1.597487792968750000e+02
1.594126586914062500e+02
1.638460693359375000e+02
1.620361480712890625e+02
1.563505249023437500e+02
1.563545989990234375e+02
1.581204223632812500e+02
1.593674468994140625e+02
1.646306610107421875e+02
1.601251525878906250e+02
1.579873962402343750e+02
1.649528350830078125e+02
1.637077178955078125e+02
1.667397003173828125e+02
1.735648193359375000e+02
1.541250915527343750e+02
1.619308624267578125e+02
1.591093750000000000e+02
1.594650573730468750e+02
1.611824035644531250e+02
1.601862945556640625e+02
1.613097076416015625e+02
1.626168975830078125e+02
1.600003967285156250e+02
1.596065368652343750e+02
1.602687988281250000e+02
1.609870758056640625e+02
1.607621459960937500e+02
1.620452575683593750e+02
1.619702911376953125e+02
1.618257904052734375e+02
1.613170471191406250e+02
1.626195526123046875e+02
1.626511535644531250e+02
1.589170227050781250e+02
1.628107604980468750e+02
1.629135589599609375e+02
1.641984863281250000e+02
1.606845703125000000e+02
1.604764709472656250e+02
1.582448883056640625e+02
1.609346466064453125e+02
1.661026916503906250e+02
1.655857391357421875e+02
1.627611999511718750e+02
1.626277465820312500e+02
1.647332611083984375e+02
1.585984344482421875e+02
1.667742309570312500e+02
1.529051666259765625e+02
1.642975311279296875e+02
1.559796600341796875e+02
1.596059570312500000e+02
1.611084747314453125e+02
1.593141479492187500e+02
1.584569091796875000e+02
1.592162322998046875e+02
1.603651275634765625e+02
1.601599426269531250e+02
1.601135711669921875e+02
1.612263336181640625e+02
1.595917358398437500e+02
1.615297088623046875e+02
1.622322235107421875e+02
1.623257904052734375e+02
1.628581085205078125e+02
1.635124969482421875e+02
1.630679779052734375e+02
1.604551849365234375e+02
1.626856384277343750e+02
1.624409637451171875e+02
1.603782348632812500e+02
1.623195495605468750e+02
1.597551422119140625e+02
1.573315887451171875e+02
1.618957672119140625e+02
1.643903503417968750e+02
1.608733673095703125e+02
1.609084014892578125e+02
1.618046722412109375e+02
1.603351440429687500e+02
1.724509582519531250e+02
1.567224884033203125e+02
1.593517150878906250e+02
1.651351318359375000e+02
1.598869781494140625e+02
1.623162231445312500e+02
1.618374481201171875e+02
1.611756439208984375e+02
1.628401641845703125e+02
1.616839599609375000e+02
1.602986450195312500e+02
1.601836395263671875e+02
1.604215698242187500e+02
1.612470550537109375e+02
1.610766754150390625e+02
1.618462219238281250e+02
1.615306701660156250e+02
1.619369964599609375e+02
1.605975036621093750e+02
1.624546356201171875e+02
1.597980804443359375e+02
1.623906097412109375e+02
1.612710113525390625e+02
1.671369781494140625e+02
1.568364868164062500e+02
1.621209411621093750e+02
1.619881896972656250e+02
1.604745178222656250e+02
1.667874603271484375e+02
1.670485229492187500e+02
1.649233245849609375e+02
1.667201995849609375e+02
1.708414001464843750e+02
1.686449584960937500e+02
1.728674926757812500e+02
1.542354278564453125e+02
1.633110198974609375e+02
1.556000061035156250e+02
1.583193817138671875e+02
1.598670196533203125e+02
1.567530517578125000e+02
1.584354400634765625e+02
1.583386688232421875e+02
1.604048004150390625e+02
1.599961090087890625e+02
1.604629211425781250e+02
1.605923461914062500e+02
1.593750457763671875e+02
1.600369110107421875e+02
1.614662933349609375e+02
1.602683105468750000e+02
1.613559722900390625e+02
1.619276580810546875e+02
1.608468475341796875e+02
1.601276245117187500e+02
1.586430816650390625e+02
1.641507568359375000e+02
1.618018951416015625e+02
1.561329803466796875e+02
1.575465545654296875e+02
1.586954650878906250e+02
1.612386932373046875e+02
1.657761840820312500e+02
1.581805419921875000e+02
1.575077362060546875e+02
1.636932373046875000e+02
1.644558715820312500e+02
1.639947052001953125e+02
1.556910552978515625e+02
1.445522460937500000e+02
1.667377777099609375e+02
1.581447601318359375e+02
1.589168853759765625e+02
1.603074340820312500e+02
1.596576995849609375e+02
1.607155914306640625e+02
1.611431732177734375e+02
1.606888885498046875e+02
1.590076293945312500e+02
1.598666992187500000e+02
1.606434631347656250e+02
1.602391052246093750e+02
1.607256164550781250e+02
1.607911529541015625e+02
1.611576232910156250e+02
1.590970306396484375e+02
1.623052673339843750e+02
1.606460723876953125e+02
1.592559356689453125e+02
1.624109039306640625e+02
1.620588378906250000e+02
1.633675689697265625e+02
1.584548950195312500e+02
1.604182586669921875e+02
1.564649047851562500e+02
1.600010681152343750e+02
1.649189605712890625e+02
1.657048187255859375e+02
1.610187835693359375e+02
1.631541290283203125e+02
1.625025177001953125e+02
1.660725250244140625e+02
1.716930389404296875e+02
1.634285888671875000e+02
1.566436767578125000e+02
1.550685119628906250e+02
1.594508972167968750e+02
1.568061676025390625e+02
1.564059753417968750e+02
1.580598144531250000e+02
1.595995025634765625e+02
1.596229705810546875e+02
1.590086669921875000e+02
1.587691650390625000e+02
1.597545623779296875e+02
1.608108978271484375e+02
1.607059478759765625e+02
1.612185058593750000e+02
1.605609893798828125e+02
1.618379516601562500e+02
1.630327606201171875e+02
1.626191101074218750e+02
1.604341735839843750e+02
1.614467468261718750e+02
1.621939697265625000e+02
1.606423950195312500e+02
1.585303344726562500e+02
1.581677398681640625e+02
1.566139984130859375e+02
1.602989349365234375e+02
1.629187164306640625e+02
1.592709197998046875e+02
1.606159057617187500e+02
1.629901885986328125e+02
1.620225219726562500e+02
1.532103271484375000e+02
1.478156433105468750e+02
1.564870605468750000e+02
1.627455902099609375e+02
1.589549560546875000e+02
1.621261596679687500e+02
1.602277984619140625e+02
1.602304992675781250e+02
1.622543334960937500e+02
1.620557098388671875e+02
1.608361968994140625e+02
1.597714080810546875e+02
1.601263275146484375e+02
1.611815032958984375e+02
1.601161041259765625e+02
1.620933074951171875e+02
1.621730651855468750e+02
1.595163269042968750e+02
1.597621307373046875e+02
1.623905029296875000e+02
1.624509429931640625e+02
1.623352355957031250e+02
1.619559173583984375e+02
1.656492309570312500e+02
1.585222473144531250e+02
1.633813629150390625e+02
1.603206481933593750e+02
1.602671966552734375e+02
1.645313873291015625e+02
1.682967376708984375e+02
1.663852386474609375e+02
1.661923980712890625e+02
1.677830200195312500e+02
1.653229827880859375e+02
1.677198791503906250e+02
1.649378967285156250e+02
1.638835906982421875e+02
1.541953125000000000e+02
1.607858276367187500e+02
1.577776184082031250e+02
1.585871124267578125e+02
1.571667785644531250e+02
1.605284423828125000e+02
1.611281890869140625e+02
1.613363037109375000e+02
1.605596618652343750e+02
1.595408630371093750e+02
1.600533294677734375e+02
1.600937500000000000e+02
1.616231689453125000e+02
1.601859130859375000e+02
1.621976928710937500e+02
1.621955566406250000e+02
1.615836181640625000e+02
1.606701812744140625e+02
1.591612701416015625e+02
1.648418731689453125e+02
1.619818420410156250e+02
1.558683013916015625e+02
1.598432312011718750e+02
1.594719238281250000e+02
1.559394226074218750e+02
1.611886749267578125e+02
1.597957000732421875e+02
1.593701171875000000e+02
1.644965362548828125e+02
1.665517272949218750e+02
1.611707916259765625e+02
1.608366851806640625e+02
1.542619018554687500e+02
1.628568878173828125e+02
1.549851531982421875e+02
1.609641113281250000e+02
1.606446533203125000e+02
1.590043487548828125e+02
1.607722320556640625e+02
1.616353759765625000e+02
1.606947784423828125e+02
1.593329467773437500e+02
1.601657867431640625e+02
1.597976379394531250e+02
1.604202880859375000e+02
1.600209197998046875e+02
1.602909393310546875e+02
1.588571166992187500e+02
1.603449554443359375e+02
1.606689147949218750e+02
1.626063079833984375e+02
1.606718597412109375e+02
1.634490203857421875e+02
1.601629333496093750e+02
1.647074432373046875e+02
1.589645538330078125e+02
1.594271240234375000e+02
1.573041839599609375e+02
1.593028106689453125e+02
1.645973815917968750e+02
1.642672882080078125e+02
1.630295715332031250e+02
