6.362936019897460938e+01
6.860301971435546875e+01
6.451504516601562500e+01
6.095022583007812500e+01
6.025767135620117188e+01
6.842501068115234375e+01
6.452685546875000000e+01
6.446649932861328125e+01
6.280247497558593750e+01
6.428417205810546875e+01
6.294858932495117188e+01
6.534368133544921875e+01
6.700034332275390625e+01
6.523631286621093750e+01
6.847059631347656250e+01
6.783902740478515625e+01
6.544472503662109375e+01
6.573658752441406250e+01
6.106180953979492188e+01
6.769919586181640625e+01
6.949862670898437500e+01
6.765431976318359375e+01
5.996392440795898438e+01
7.412515258789062500e+01
7.013009643554687500e+01
6.422400665283203125e+01
6.711260986328125000e+01
6.674069213867187500e+01
6.637740325927734375e+01
6.699260711669921875e+01
6.605650329589843750e+01
6.456362152099609375e+01
6.425168609619140625e+01
6.617804718017578125e+01
6.795567321777343750e+01
7.011507415771484375e+01
6.853786468505859375e+01
6.684353637695312500e+01
6.890590667724609375e+01
6.444741821289062500e+01
6.421023559570312500e+01
6.483954620361328125e+01
6.500778961181640625e+01
6.059220886230468750e+01
6.805820465087890625e+01
7.936331939697265625e+01
6.917793273925781250e+01
5.883042907714843750e+01
6.410550689697265625e+01
6.623507690429687500e+01
6.493436431884765625e+01
6.498989105224609375e+01
6.567833709716796875e+01
6.673504638671875000e+01
6.671696472167968750e+01
6.739280700683593750e+01
6.757558441162109375e+01
6.606475830078125000e+01
6.844625091552734375e+01
6.804664611816406250e+01
6.564157104492187500e+01
6.557128143310546875e+01
6.112932586669921875e+01
6.499642181396484375e+01
6.856004333496093750e+01
6.570957183837890625e+01
5.575509262084960938e+01
6.765574645996093750e+01
6.352299499511718750e+01
6.494520568847656250e+01
6.503884887695312500e+01
6.122438812255859375e+01
6.679756927490234375e+01
6.473442840576171875e+01
6.447282409667968750e+01
6.216615676879882812e+01
6.332017135620117188e+01
6.295679092407226562e+01
6.547961425781250000e+01
6.603031921386718750e+01
6.570604705810546875e+01
6.740070343017578125e+01
6.405690765380859375e+01
6.069851303100585938e+01
6.048952865600585938e+01
6.768515014648437500e+01
6.741247558593750000e+01
6.455444335937500000e+01
6.267523574829101562e+01
7.512841033935546875e+01
6.804728698730468750e+01
5.965910720825195312e+01
6.331056213378906250e+01
6.446295166015625000e+01
6.380653381347656250e+01
6.439382171630859375e+01
6.445660400390625000e+01
6.398593521118164062e+01
6.244752502441406250e+01
6.324923324584960938e+01
6.444928741455078125e+01
6.463423156738281250e+01
6.825420379638671875e+01
6.726575469970703125e+01
6.261290359497070312e+01
6.757819366455078125e+01
6.319189834594726562e+01
6.342707061767578125e+01
6.229745864868164062e+01
6.354102706909179688e+01
5.887291717529296875e+01
6.973397827148437500e+01
6.895330047607421875e+01
6.635828399658203125e+01
6.597467041015625000e+01
6.370232009887695312e+01
6.419792938232421875e+01
6.442002868652343750e+01
6.410044097900390625e+01
6.480453491210937500e+01
6.535807037353515625e+01
6.573693084716796875e+01
6.629017639160156250e+01
6.643086242675781250e+01
6.729241943359375000e+01
6.851190185546875000e+01
6.572563934326171875e+01
6.121050262451171875e+01
6.032774734497070312e+01
6.714364624023437500e+01
6.872052764892578125e+01
6.625878143310546875e+01
5.752927017211914062e+01
7.011652374267578125e+01
6.511479949951171875e+01
5.618703460693359375e+01
6.581043243408203125e+01
6.146686935424804688e+01
5.912127685546875000e+01
6.678248596191406250e+01
6.344644927978515625e+01
6.363590240478515625e+01
6.093166732788085938e+01
6.382382202148437500e+01
6.270934677124023438e+01
6.509174346923828125e+01
6.680968475341796875e+01
6.859719848632812500e+01
6.633586120605468750e+01
6.357406997680664062e+01
6.293645095825195312e+01
6.069875717163085938e+01
6.722236633300781250e+01
6.794810485839843750e+01
6.519165039062500000e+01
6.552652740478515625e+01
7.154859924316406250e+01
6.723665618896484375e+01
6.727771759033203125e+01
6.447375488281250000e+01
6.543051147460937500e+01
6.530260467529296875e+01
6.504685974121093750e+01
6.556172180175781250e+01
6.445628356933593750e+01
6.302153396606445312e+01
6.434902191162109375e+01
6.465157318115234375e+01
6.748147583007812500e+01
7.007975769042968750e+01
6.583071899414062500e+01
6.070243453979492188e+01
6.503366088867187500e+01
6.843287658691406250e+01
6.921736907958984375e+01
6.215373229980468750e+01
5.872684860229492188e+01
6.709392547607421875e+01
6.774024200439453125e+01
6.586176300048828125e+01
6.829127502441406250e+01
6.520594787597656250e+01
6.507483673095703125e+01
6.575415039062500000e+01
6.463122558593750000e+01
6.516892242431640625e+01
6.590738677978515625e+01
6.641882324218750000e+01
6.749118041992187500e+01
6.770539855957031250e+01
6.707167053222656250e+01
6.936687469482421875e+01
6.825178527832031250e+01
6.591928863525390625e+01
6.546601104736328125e+01
6.078300094604492188e+01
6.829274749755859375e+01
7.001397705078125000e+01
6.700795745849609375e+01
6.010566711425781250e+01
7.029078674316406250e+01
6.711055755615234375e+01
6.245657730102539062e+01
6.554534149169921875e+01
6.444039916992187500e+01
6.135415649414062500e+01
6.864395904541015625e+01
6.648944091796875000e+01
6.577841949462890625e+01
6.259445571899414062e+01
6.585474395751953125e+01
6.402612304687500000e+01
6.659745025634765625e+01
6.901496124267578125e+01
6.802694702148437500e+01
6.384193038940429688e+01
6.114712524414062500e+01
6.404335784912109375e+01
6.757027435302734375e+01
6.757073211669921875e+01
6.195901107788085938e+01
6.717574310302734375e+01
7.389299011230468750e+01
6.498152923583984375e+01
6.796273803710937500e+01
6.624283599853515625e+01
6.610769653320312500e+01
6.559378051757812500e+01
6.538738250732421875e+01
6.603066253662109375e+01
6.657115173339843750e+01
6.541708374023437500e+01
6.415110015869140625e+01
6.476956176757812500e+01
6.435173797607421875e+01
6.705491638183593750e+01
7.002151489257812500e+01
6.457582092285156250e+01
6.245805740356445312e+01
6.308144378662109375e+01
6.978228759765625000e+01
7.101976013183593750e+01
6.145151138305664062e+01
6.275184631347656250e+01
6.761218261718750000e+01
6.748537445068359375e+01
6.451187133789062500e+01
6.559950256347656250e+01
6.477426910400390625e+01
6.416571807861328125e+01
6.521154785156250000e+01
6.466835784912109375e+01
6.507843780517578125e+01
6.583180999755859375e+01
6.652489471435546875e+01
6.683636474609375000e+01
6.582888793945312500e+01
6.755050659179687500e+01
6.823161315917968750e+01
6.401335906982421875e+01
6.013974761962890625e+01
6.226393127441406250e+01
6.770147705078125000e+01
6.784043121337890625e+01
6.206087493896484375e+01
6.146630859375000000e+01
6.908691406250000000e+01
6.117710876464843750e+01
5.645388031005859375e+01
5.950723266601562500e+01
6.473584747314453125e+01
6.267949295043945312e+01
5.881937026977539062e+01
6.703279876708984375e+01
6.544702148437500000e+01
6.496270751953125000e+01
6.226326751708984375e+01
6.490235900878906250e+01
6.170100784301757812e+01
6.654591369628906250e+01
6.799092864990234375e+01
6.463751983642578125e+01
6.534053039550781250e+01
5.916720581054687500e+01
6.441540527343750000e+01
6.683546447753906250e+01
6.640897369384765625e+01
6.697719573974609375e+01
7.347014617919921875e+01
6.846951293945312500e+01
6.335163879394531250e+01
6.664864349365234375e+01
6.592031097412109375e+01
6.539247894287109375e+01
6.483352661132812500e+01
6.545749664306640625e+01
6.585106658935546875e+01
6.636569976806640625e+01
6.569020843505859375e+01
6.395654678344726562e+01
6.405130767822265625e+01
6.510057067871093750e+01
6.725755310058593750e+01
6.594620513916015625e+01
6.079022979736328125e+01
5.859786605834960938e+01
7.162570953369140625e+01
6.944433593750000000e+01
6.545463562011718750e+01
5.579382324218750000e+01
6.819435119628906250e+01
6.631151580810546875e+01
5.825488281250000000e+01
6.535989379882812500e+01
6.500667572021484375e+01
6.431555175781250000e+01
6.414591217041015625e+01
6.428524017333984375e+01
6.510325622558593750e+01
6.482701110839843750e+01
6.656386566162109375e+01
6.682218933105468750e+01
6.534941864013671875e+01
6.697848510742187500e+01
6.785312652587890625e+01
6.562081909179687500e+01
6.572296905517578125e+01
6.092897033691406250e+01
6.324425506591796875e+01
6.687237548828125000e+01
6.735868072509765625e+01
6.715498352050781250e+01
7.089025115966796875e+01
6.349427795410156250e+01
6.241473388671875000e+01
6.312649917602539062e+01
6.076417922973632812e+01
6.369350814819335938e+01
6.387168121337890625e+01
6.014212417602539062e+01
6.772603607177734375e+01
6.565788269042968750e+01
6.582740783691406250e+01
6.251262283325195312e+01
6.455406188964843750e+01
6.391646194458007812e+01
6.776709747314453125e+01
6.632297515869140625e+01
6.128049850463867188e+01
6.163883972167968750e+01
6.698715972900390625e+01
6.776593780517578125e+01
6.540074157714843750e+01
6.077884292602539062e+01
7.188058471679687500e+01
6.862256622314453125e+01
6.099375534057617188e+01
6.490203857421875000e+01
6.454327392578125000e+01
6.455721282958984375e+01
6.530450439453125000e+01
6.383734512329101562e+01
6.553202056884765625e+01
6.547254180908203125e+01
6.714681243896484375e+01
6.598075103759765625e+01
6.361180496215820312e+01
6.474818420410156250e+01
6.759204864501953125e+01
6.573026275634765625e+01
6.655366516113281250e+01
6.281805038452148438e+01
5.861626052856445312e+01
7.236082458496093750e+01
7.035989379882812500e+01
6.551348114013671875e+01
6.277665710449218750e+01
6.534838867187500000e+01
6.307701110839843750e+01
6.726511383056640625e+01
6.709214019775390625e+01
6.600258636474609375e+01
6.619974517822265625e+01
6.526937103271484375e+01
6.561408233642578125e+01
6.605854797363281250e+01
6.628786468505859375e+01
6.747373199462890625e+01
6.699569702148437500e+01
6.849932098388671875e+01
6.943787384033203125e+01
6.738336181640625000e+01
6.409858703613281250e+01
6.321294403076171875e+01
6.696742248535156250e+01
6.871343231201171875e+01
6.642952728271484375e+01
6.388836669921875000e+01
7.276521301269531250e+01
7.068759918212890625e+01
6.228355407714843750e+01
6.504451751708984375e+01
6.125196075439453125e+01
6.098277664184570312e+01
6.605475616455078125e+01
6.303318023681640625e+01
6.024771118164062500e+01
6.820159912109375000e+01
6.576847076416015625e+01
6.618495941162109375e+01
6.414657592773437500e+01
6.477122497558593750e+01
6.522567749023437500e+01
6.590219116210937500e+01
6.532337951660156250e+01
6.452584838867187500e+01
6.161559295654296875e+01
6.667979431152343750e+01
6.888566589355468750e+01
6.432755279541015625e+01
6.011272811889648438e+01
7.370247650146484375e+01
6.939466857910156250e+01
6.624630737304687500e+01
6.553458404541015625e+01
6.596379089355468750e+01
6.608601379394531250e+01
6.606555175781250000e+01
6.568310546875000000e+01
6.529617309570312500e+01
6.642165374755859375e+01
6.787014770507812500e+01
6.557216644287109375e+01
6.371362304687500000e+01
6.558126831054687500e+01
6.519801330566406250e+01
6.185666656494140625e+01
6.261099243164062500e+01
6.292858886718750000e+01
6.477299499511718750e+01
7.052293395996093750e+01
6.350237274169921875e+01
7.033000946044921875e+01
6.710264587402343750e+01
6.111481094360351562e+01
6.243387985229492188e+01
6.515625762939453125e+01
6.790176391601562500e+01
6.420311737060546875e+01
6.402632904052734375e+01
6.432472991943359375e+01
6.498684692382812500e+01
6.493992614746093750e+01
6.502407073974609375e+01
6.581118011474609375e+01
6.506570434570312500e+01
6.653600311279296875e+01
6.681164550781250000e+01
6.417661285400390625e+01
6.455603790283203125e+01
5.991684341430664062e+01
6.606791687011718750e+01
6.813431549072265625e+01
6.390267181396484375e+01
5.722737121582031250e+01
7.379975891113281250e+01
6.796023559570312500e+01
5.997245788574218750e+01
6.051285934448242188e+01
6.034984588623046875e+01
5.936412429809570312e+01
6.514522552490234375e+01
6.116470718383789062e+01
6.034043121337890625e+01
6.687667083740234375e+01
6.469893646240234375e+01
6.476988220214843750e+01
6.102895736694335938e+01
6.413400268554687500e+01
6.337192916870117188e+01
5.926436996459960938e+01
5.894235610961914062e+01
6.122064590454101562e+01
6.735231018066406250e+01
6.637580871582031250e+01
5.980876541137695312e+01
6.855374908447265625e+01
7.082363891601562500e+01
6.439253997802734375e+01
6.256721115112304688e+01
6.377777862548828125e+01
6.524732971191406250e+01
6.411096191406250000e+01
6.392756652832031250e+01
6.471965789794921875e+01
6.491162109375000000e+01
6.453884887695312500e+01
6.629790496826171875e+01
6.700952148437500000e+01
6.333138656616210938e+01
6.405765533447265625e+01
6.537039947509765625e+01
6.220799255371093750e+01
6.381758117675781250e+01
6.114141082763671875e+01
6.385542678833007812e+01
6.541172790527343750e+01
7.091528320312500000e+01
5.853891372680664062e+01
7.233161163330078125e+01
6.360636138916015625e+01
5.838611221313476562e+01
6.041853713989257812e+01
6.441521453857421875e+01
6.689338684082031250e+01
6.461634063720703125e+01
6.545726776123046875e+01
6.499781799316406250e+01
6.601669311523437500e+01
6.665869140625000000e+01
6.623639678955078125e+01
6.652976226806640625e+01
6.784494781494140625e+01
6.824755096435546875e+01
6.516428375244140625e+01
6.134414291381835938e+01
6.283030319213867188e+01
6.921071624755859375e+01
6.737652587890625000e+01
6.318830871582031250e+01
6.686602020263671875e+01
7.523811340332031250e+01
6.935128021240234375e+01
5.955571365356445312e+01
6.180541229248046875e+01
6.158986663818359375e+01
6.150844192504882812e+01
6.021231842041015625e+01
6.599966430664062500e+01
6.310690689086914062e+01
6.303335189819335938e+01
7.024671173095703125e+01
6.624491119384765625e+01
6.455071258544921875e+01
6.489102172851562500e+01
6.665692138671875000e+01
6.258946228027343750e+01
6.264433670043945312e+01
6.064683532714843750e+01
6.345236968994140625e+01
6.828807830810546875e+01
6.850787353515625000e+01
6.020111846923828125e+01
7.163257598876953125e+01
6.868321990966796875e+01
6.673821258544921875e+01
6.869949340820312500e+01
6.666491699218750000e+01
6.560570526123046875e+01
6.692593383789062500e+01
6.678933715820312500e+01
6.639277648925781250e+01
6.718685150146484375e+01
6.691603851318359375e+01
6.786953735351562500e+01
6.841783905029296875e+01
6.623894500732421875e+01
6.613656616210937500e+01
6.440172576904296875e+01
6.013295364379882812e+01
6.093766403198242188e+01
7.203355407714843750e+01
6.642115783691406250e+01
6.474642944335937500e+01
6.436040496826171875e+01
7.667420196533203125e+01
6.662200927734375000e+01
5.633164596557617188e+01
6.107185745239257812e+01
6.152078628540039062e+01
6.452008056640625000e+01
6.605046081542968750e+01
6.315015411376953125e+01
6.606096649169921875e+01
6.559053039550781250e+01
6.648091888427734375e+01
6.680382537841796875e+01
6.499489593505859375e+01
6.698054504394531250e+01
6.844926452636718750e+01
6.607525634765625000e+01
6.539984893798828125e+01
6.212382125854492188e+01
6.305806350708007812e+01
6.838546752929687500e+01
6.752090454101562500e+01
6.384963226318359375e+01
6.966137695312500000e+01
6.685211944580078125e+01
6.775666809082031250e+01
6.743048095703125000e+01
6.173980331420898438e+01
6.005060195922851562e+01
6.171952438354492188e+01
6.026847076416015625e+01
6.536802673339843750e+01
6.090367126464843750e+01
6.264203643798828125e+01
6.892749786376953125e+01
6.617226409912109375e+01
6.566188812255859375e+01
6.511903381347656250e+01
6.312088775634765625e+01
5.776158523559570312e+01
5.712115097045898438e+01
6.667455291748046875e+01
6.614468383789062500e+01
6.473899078369140625e+01
5.723828887939453125e+01
7.284129333496093750e+01
6.850583648681640625e+01
6.118664550781250000e+01
6.669582366943359375e+01
6.314484786987304688e+01
6.339343261718750000e+01
6.418695831298828125e+01
6.346223068237304688e+01
6.418279266357421875e+01
6.428478240966796875e+01
6.490704345703125000e+01
6.481562805175781250e+01
6.564486694335937500e+01
6.626947784423828125e+01
6.610589599609375000e+01
6.263469314575195312e+01
6.180652618408203125e+01
6.147629928588867188e+01
5.833441925048828125e+01
6.955245971679687500e+01
6.486474609375000000e+01
6.410641479492187500e+01
6.812715148925781250e+01
6.971459960937500000e+01
6.456494903564453125e+01
6.240797042846679688e+01
5.965971374511718750e+01
5.971432876586914062e+01
6.205496597290039062e+01
6.450383758544921875e+01
6.270624542236328125e+01
6.468850708007812500e+01
6.375914764404296875e+01
6.547516632080078125e+01
6.547261810302734375e+01
6.600424957275390625e+01
6.685359954833984375e+01
6.559566497802734375e+01
6.178133010864257812e+01
6.126752090454101562e+01
6.423212432861328125e+01
6.707204437255859375e+01
6.529816436767578125e+01
5.962404251098632812e+01
6.762738037109375000e+01
6.758798980712890625e+01
6.256451797485351562e+01
6.820069885253906250e+01
6.443070983886718750e+01
6.137002944946289062e+01
6.021376037597656250e+01
5.943860244750976562e+01
5.964695739746093750e+01
6.553424835205078125e+01
6.031692504882812500e+01
6.342969894409179688e+01
6.871909332275390625e+01
6.621714782714843750e+01
6.455093383789062500e+01
6.347157669067382812e+01
6.252677536010742188e+01
6.227634811401367188e+01
5.781269073486328125e+01
6.802094268798828125e+01
6.698181152343750000e+01
6.434998321533203125e+01
6.497576904296875000e+01
7.165562438964843750e+01
6.871232604980468750e+01
6.510752868652343750e+01
6.545198059082031250e+01
6.506611633300781250e+01
6.551638793945312500e+01
6.514671325683593750e+01
6.578637695312500000e+01
6.585068511962890625e+01
6.529248809814453125e+01
6.665762329101562500e+01
6.611512756347656250e+01
6.597611236572265625e+01
6.807324218750000000e+01
6.558512878417968750e+01
6.007384872436523438e+01
5.882493591308593750e+01
6.252373123168945312e+01
6.755910491943359375e+01
6.999931335449218750e+01
5.774708557128906250e+01
6.160433197021484375e+01
7.790853118896484375e+01
6.287302017211914062e+01
6.356734848022460938e+01
6.139713287353515625e+01
6.134945678710937500e+01
6.069266510009765625e+01
6.128709793090820312e+01
6.429713439941406250e+01
6.458896636962890625e+01
6.511589813232421875e+01
6.530076599121093750e+01
6.637532043457031250e+01
6.492914581298828125e+01
6.689556121826171875e+01
6.790547943115234375e+01
6.431599426269531250e+01
6.435179901123046875e+01
6.037567520141601562e+01
6.710593414306640625e+01
6.955128479003906250e+01
6.567118835449218750e+01
6.560163116455078125e+01
7.162075042724609375e+01
6.809165954589843750e+01
6.260565948486328125e+01
6.660166168212890625e+01
6.437957763671875000e+01
6.141781234741210938e+01
6.082440567016601562e+01
6.109141159057617188e+01
6.199946594238281250e+01
6.670266723632812500e+01
6.178712081909179688e+01
6.599575042724609375e+01
6.882336425781250000e+01
6.950711059570312500e+01
6.490199279785156250e+01
6.220121383666992188e+01
5.795117950439453125e+01
6.089546585083007812e+01
7.053900146484375000e+01
6.982180023193359375e+01
6.105885314941406250e+01
5.989187240600585938e+01
7.221033477783203125e+01
6.492950439453125000e+01
6.089915466308593750e+01
6.465656280517578125e+01
6.584598541259765625e+01
6.465647125244140625e+01
6.505297088623046875e+01
6.584213256835937500e+01
6.653971099853515625e+01
6.667039489746093750e+01
6.660465240478515625e+01
6.721184539794921875e+01
6.530495452880859375e+01
6.809793090820312500e+01
6.812959289550781250e+01
6.317934799194335938e+01
6.298708343505859375e+01
5.858209609985351562e+01
6.512946319580078125e+01
6.828170776367187500e+01
6.994689178466796875e+01
6.363452529907226562e+01
7.511257934570312500e+01
7.203527069091796875e+01
6.266739654541015625e+01
6.263053894042968750e+01
6.319453811645507812e+01
6.192148590087890625e+01
6.120382308959960938e+01
6.274082565307617188e+01
6.496244812011718750e+01
6.472166442871093750e+01
6.602656555175781250e+01
6.582487487792968750e+01
6.654032135009765625e+01
6.685665130615234375e+01
6.780090332031250000e+01
6.462998199462890625e+01
6.129667282104492188e+01
6.185747909545898438e+01
6.832284545898437500e+01
6.705976867675781250e+01
6.460271453857421875e+01
5.736951828002929688e+01
7.333827972412109375e+01
6.904682159423828125e+01
5.844812774658203125e+01
6.361270904541015625e+01
6.608958435058593750e+01
6.302139282226562500e+01
6.088273620605468750e+01
5.944389343261718750e+01
6.055227661132812500e+01
6.171804046630859375e+01
6.629815673828125000e+01
6.051215744018554688e+01
6.422618865966796875e+01
6.927806854248046875e+01
6.947438049316406250e+01
5.965761184692382812e+01
6.352710342407226562e+01
5.700939559936523438e+01
6.169006347656250000e+01
6.990785980224609375e+01
6.889130401611328125e+01
6.544130706787109375e+01
6.685182952880859375e+01
6.647357177734375000e+01
6.504500579833984375e+01
6.577680969238281250e+01
6.448321533203125000e+01
6.353197479248046875e+01
6.469914245605468750e+01
6.465251922607421875e+01
6.466799926757812500e+01
6.564093780517578125e+01
6.634172058105468750e+01
6.540915679931640625e+01
6.539791107177734375e+01
6.617717742919921875e+01
6.753782653808593750e+01
6.514299774169921875e+01
5.875964736938476562e+01
5.759943771362304688e+01
6.548104858398437500e+01
6.699873352050781250e+01
6.591236114501953125e+01
5.723252105712890625e+01
7.042636871337890625e+01
6.932924652099609375e+01
6.187141799926757812e+01
6.349869918823242188e+01
6.081876373291015625e+01
5.990446853637695312e+01
6.104043197631835938e+01
5.941483306884765625e+01
6.145343399047851562e+01
6.332872772216796875e+01
6.397166824340820312e+01
6.565377807617187500e+01
6.439726257324218750e+01
6.599007415771484375e+01
6.775115203857421875e+01
6.579454040527343750e+01
6.458256530761718750e+01
6.193489074707031250e+01
6.135903167724609375e+01
6.762539672851562500e+01
6.760903167724609375e+01
6.630114746093750000e+01
6.858696746826171875e+01
6.575639343261718750e+01
6.629699707031250000e+01
6.631840515136718750e+01
6.474693298339843750e+01
6.629515838623046875e+01
6.424938201904296875e+01
6.192291259765625000e+01
6.090114212036132812e+01
6.114077377319335938e+01
6.423808288574218750e+01
6.642622375488281250e+01
6.075776290893554688e+01
6.911547851562500000e+01
7.077216339111328125e+01
6.740780639648437500e+01
5.803935623168945312e+01
6.079759597778320312e+01
6.303024291992187500e+01
6.944335174560546875e+01
6.947466278076171875e+01
6.044527053833007812e+01
7.289006042480468750e+01
6.992657470703125000e+01
6.249140167236328125e+01
6.759915161132812500e+01
6.299320220947265625e+01
6.467159271240234375e+01
6.519454193115234375e+01
6.427887725830078125e+01
6.523970031738281250e+01
6.555505371093750000e+01
6.620128631591796875e+01
6.724105072021484375e+01
6.635995483398437500e+01
6.666632080078125000e+01
6.844651794433593750e+01
6.700460052490234375e+01
6.416884613037109375e+01
6.225759124755859375e+01
5.795453262329101562e+01
6.578532409667968750e+01
6.811770629882812500e+01
6.742108917236328125e+01
6.595845794677734375e+01
6.909393310546875000e+01
7.072666168212890625e+01
6.863932800292968750e+01
6.487615966796875000e+01
6.106293869018554688e+01
6.247497558593750000e+01
6.207107162475585938e+01
6.241155242919921875e+01
6.485745239257812500e+01
6.415289306640625000e+01
6.604766845703125000e+01
6.636986541748046875e+01
6.673848724365234375e+01
6.745761108398437500e+01
6.572169494628906250e+01
6.309487152099609375e+01
6.156300354003906250e+01
6.519332122802734375e+01
6.781789398193359375e+01
6.546191406250000000e+01
6.043460845947265625e+01
6.914958953857421875e+01
6.800516510009765625e+01
6.231596755981445312e+01
6.773813629150390625e+01
6.450277709960937500e+01
6.521119689941406250e+01
6.558483886718750000e+01
6.224393844604492188e+01
6.076764678955078125e+01
6.090739440917968750e+01
6.049205017089843750e+01
6.510099792480468750e+01
6.500564575195312500e+01
6.003696823120117188e+01
6.947141265869140625e+01
6.718798065185546875e+01
6.589465332031250000e+01
5.996268844604492188e+01
5.733157730102539062e+01
6.252797317504882812e+01
6.776364135742187500e+01
6.649819946289062500e+01
6.395801544189453125e+01
7.326185607910156250e+01
6.861549377441406250e+01
6.507389831542968750e+01
6.463123321533203125e+01
6.394027709960937500e+01
6.566852569580078125e+01
6.561027526855468750e+01
6.477592468261718750e+01
6.515126037597656250e+01
6.551249694824218750e+01
6.679949188232421875e+01
6.669224548339843750e+01
6.560623931884765625e+01
6.732676696777343750e+01
6.689465332031250000e+01
6.323809814453125000e+01
5.996061325073242188e+01
6.125778961181640625e+01
6.481375885009765625e+01
6.518569183349609375e+01
5.986326217651367188e+01
6.514081573486328125e+01
7.390919494628906250e+01
6.081295013427734375e+01
7.053319549560546875e+01
6.731582641601562500e+01
6.609182739257812500e+01
6.050285339355468750e+01
6.076264953613281250e+01
6.040652084350585938e+01
6.399253463745117188e+01
6.706091308593750000e+01
6.556924438476562500e+01
6.600405120849609375e+01
6.434811401367187500e+01
6.620358276367187500e+01
6.622463226318359375e+01
6.393815231323242188e+01
6.424115753173828125e+01
5.979028701782226562e+01
6.688212585449218750e+01
6.885384368896484375e+01
6.503047943115234375e+01
6.150305557250976562e+01
7.371175384521484375e+01
6.748494720458984375e+01
6.234386444091796875e+01
6.511747741699218750e+01
6.387336730957031250e+01
