-7.050600433349609375e+01
-7.572348785400390625e+01
-8.138708496093750000e+01
-8.585137939453125000e+01
-8.915009307861328125e+01
-8.649186706542968750e+01
-8.756001281738281250e+01
-8.814857482910156250e+01
-8.860825347900390625e+01
-8.432124328613281250e+01
-8.362251281738281250e+01
-7.949887084960937500e+01
-7.612677764892578125e+01
-8.478511810302734375e+01
-1.035773925781250000e+02
-9.558421325683593750e+01
-8.073117065429687500e+01
-7.316454315185546875e+01
-6.643853759765625000e+01
-7.744999694824218750e+01
-8.118363952636718750e+01
-7.482555389404296875e+01
-7.922938537597656250e+01
-8.899463653564453125e+01
-8.774929046630859375e+01
-8.365892028808593750e+01
-8.672171020507812500e+01
-8.782948303222656250e+01
-8.734106445312500000e+01
-7.403643798828125000e+01
-9.355305480957031250e+01
-9.525939941406250000e+01
-9.188882446289062500e+01
-8.118508148193359375e+01
-7.058315277099609375e+01
-7.027183532714843750e+01
-7.619688415527343750e+01
-8.237193298339843750e+01
-9.266374969482421875e+01
-8.854199981689453125e+01
-8.975989532470703125e+01
-9.210704040527343750e+01
-9.333692169189453125e+01
-9.264167785644531250e+01
-8.264942932128906250e+01
-8.131978607177734375e+01
-9.299365997314453125e+01
-9.990367889404296875e+01
-9.512131500244140625e+01
-8.196115875244140625e+01
-6.919485473632812500e+01
-6.812153625488281250e+01
-7.822236633300781250e+01
-8.154606628417968750e+01
-7.429088592529296875e+01
-7.784008789062500000e+01
-8.705286407470703125e+01
-8.592810058593750000e+01
-8.204203033447265625e+01
-8.371295928955078125e+01
-8.463750457763671875e+01
-8.583688354492187500e+01
-8.033093261718750000e+01
-8.264958190917968750e+01
-9.353736877441406250e+01
-8.428701782226562500e+01
-7.958490753173828125e+01
-6.861235046386718750e+01
-7.367110443115234375e+01
-8.009605407714843750e+01
-8.182946777343750000e+01
-8.770755004882812500e+01
-9.046756744384765625e+01
-8.688573455810546875e+01
-8.839653778076171875e+01
-8.473384857177734375e+01
-8.893367767333984375e+01
-8.764879608154296875e+01
-7.202063751220703125e+01
-7.946048736572265625e+01
-8.976371002197265625e+01
-1.030565795898437500e+02
-9.312180328369140625e+01
-8.133404541015625000e+01
-6.779127502441406250e+01
-7.227750396728515625e+01
-7.736963653564453125e+01
-7.830387115478515625e+01
-7.393698883056640625e+01
-8.450823974609375000e+01
-8.983101654052734375e+01
-8.587354278564453125e+01
-8.410720825195312500e+01
-8.576831054687500000e+01
-8.758124542236328125e+01
-8.986588287353515625e+01
-8.760820770263671875e+01
-7.216571807861328125e+01
-9.511151123046875000e+01
-9.243219757080078125e+01
-8.802819061279296875e+01
-7.730107116699218750e+01
-6.908571624755859375e+01
-6.871620178222656250e+01
-7.617094421386718750e+01
-8.479703521728515625e+01
-9.204908752441406250e+01
-8.672541809082031250e+01
-9.223087310791015625e+01
-9.457772827148437500e+01
-9.064816284179687500e+01
-7.768073272705078125e+01
-8.549735260009765625e+01
-1.010981140136718750e+02
-9.745815277099609375e+01
-8.972394561767578125e+01
-7.530458068847656250e+01
-6.598471069335937500e+01
-7.122513580322265625e+01
-7.824430084228515625e+01
-7.714703369140625000e+01
-7.115904235839843750e+01
-8.191315460205078125e+01
-8.783974456787109375e+01
-8.383158111572265625e+01
-8.260885620117187500e+01
-8.490441894531250000e+01
-8.382041168212890625e+01
-8.501852416992187500e+01
-8.701367950439453125e+01
-7.768771362304687500e+01
-8.721631622314453125e+01
-9.041361999511718750e+01
-8.335559082031250000e+01
-7.845114898681640625e+01
-6.948448944091796875e+01
-7.364630889892578125e+01
-7.879681396484375000e+01
-8.440293121337890625e+01
-8.709785461425781250e+01
-8.773530578613281250e+01
-9.021054840087890625e+01
-9.125462341308593750e+01
-9.147972869873046875e+01
-8.751123809814453125e+01
-7.455570983886718750e+01
-7.746160888671875000e+01
-9.996713256835937500e+01
-9.746166229248046875e+01
-8.741931915283203125e+01
-7.961817169189453125e+01
-6.698462677001953125e+01
-7.627962493896484375e+01
-7.891603088378906250e+01
-7.554696655273437500e+01
-7.479486083984375000e+01
-8.711481475830078125e+01
-8.874257659912109375e+01
-8.386338043212890625e+01
-8.341631317138671875e+01
-8.444266510009765625e+01
-8.522163391113281250e+01
-8.866490173339843750e+01
-9.085434722900390625e+01
-8.452313232421875000e+01
-7.300775909423828125e+01
-9.388557434082031250e+01
-8.924990844726562500e+01
-8.686725616455078125e+01
-7.572932434082031250e+01
-6.723344421386718750e+01
-6.853400421142578125e+01
-7.916265869140625000e+01
-8.589379119873046875e+01
-8.912911987304687500e+01
-8.829889678955078125e+01
-9.291423797607421875e+01
-8.777851867675781250e+01
-8.265934753417968750e+01
-9.269719696044921875e+01
-1.007760925292968750e+02
-9.668637084960937500e+01
-8.519134521484375000e+01
-7.179904174804687500e+01
-6.722974395751953125e+01
-7.928657531738281250e+01
-8.175926208496093750e+01
-7.620628356933593750e+01
-7.404734802246093750e+01
-8.626487731933593750e+01
-8.842295074462890625e+01
-8.346685791015625000e+01
-8.383272552490234375e+01
-8.478864288330078125e+01
-8.492476654052734375e+01
-8.671337127685546875e+01
-8.636380004882812500e+01
-8.608045959472656250e+01
-7.599968719482421875e+01
-8.606892395019531250e+01
-8.996498870849609375e+01
-8.366292572021484375e+01
-7.869445037841796875e+01
-6.907559204101562500e+01
-7.424741363525390625e+01
-8.063226318359375000e+01
-8.332154846191406250e+01
-8.903373718261718750e+01
-9.028906250000000000e+01
-8.771565246582031250e+01
-9.003990936279296875e+01
-8.319422149658203125e+01
-8.142730712890625000e+01
-8.676986694335937500e+01
-1.023354263305664062e+02
-9.536225128173828125e+01
-7.902019500732421875e+01
-7.308573150634765625e+01
-6.898476409912109375e+01
-7.764566040039062500e+01
-7.952672576904296875e+01
-7.368406677246093750e+01
-7.783733367919921875e+01
-8.869593811035156250e+01
-8.750907135009765625e+01
-8.334683990478515625e+01
-8.504740142822265625e+01
-8.446031951904296875e+01
-8.609491729736328125e+01
-8.734910583496093750e+01
-9.061746215820312500e+01
-9.101684570312500000e+01
-8.462850189208984375e+01
-7.262368011474609375e+01
-9.420796966552734375e+01
-8.999559020996093750e+01
-8.683749389648437500e+01
-7.293927764892578125e+01
-6.933950042724609375e+01
-6.981777191162109375e+01
-7.574361419677734375e+01
-8.716697692871093750e+01
-9.359080505371093750e+01
-9.197989654541015625e+01
-8.627602386474609375e+01
-9.120290374755859375e+01
-1.011926193237304688e+02
-1.037117462158203125e+02
-9.556284332275390625e+01
-8.222041320800781250e+01
-6.775837707519531250e+01
-6.833656311035156250e+01
-8.107020568847656250e+01
-8.301155853271484375e+01
-7.491313171386718750e+01
-7.727908325195312500e+01
-8.701883697509765625e+01
-8.671910095214843750e+01
-8.268915557861328125e+01
-8.476698303222656250e+01
-8.432347869873046875e+01
-8.392781066894531250e+01
-8.562377929687500000e+01
-8.501885223388671875e+01
-8.552321624755859375e+01
-8.435206604003906250e+01
-7.318973541259765625e+01
-8.957569122314453125e+01
-8.896532440185546875e+01
-8.426914978027343750e+01
-7.652410125732421875e+01
-6.838843536376953125e+01
-7.433166503906250000e+01
-8.048368072509765625e+01
-8.226199340820312500e+01
-8.474645996093750000e+01
-8.805351257324218750e+01
-8.929222869873046875e+01
-7.564508056640625000e+01
-8.487473297119140625e+01
-9.388142395019531250e+01
-1.010357360839843750e+02
-9.146546173095703125e+01
-8.039622497558593750e+01
-6.648653411865234375e+01
-7.222371673583984375e+01
-7.872264099121093750e+01
-7.851262664794921875e+01
-7.247470092773437500e+01
-8.332309722900390625e+01
-8.924225616455078125e+01
-8.567671203613281250e+01
-8.344929504394531250e+01
-8.584610748291015625e+01
-8.591780090332031250e+01
-8.752385711669921875e+01
-8.873136138916015625e+01
-8.856632995605468750e+01
-9.011338806152343750e+01
-9.063143157958984375e+01
-8.071428680419921875e+01
-7.331314849853515625e+01
-9.561653900146484375e+01
-8.872774505615234375e+01
-8.613629150390625000e+01
-7.401522827148437500e+01
-6.866182708740234375e+01
-7.100881958007812500e+01
-8.136447143554687500e+01
-9.197977447509765625e+01
-9.203533935546875000e+01
-7.627751922607421875e+01
-9.504632568359375000e+01
-1.081214447021484375e+02
-1.035307006835937500e+02
-9.358607482910156250e+01
-7.619113159179687500e+01
-6.607386779785156250e+01
-6.896823120117187500e+01
-7.893775939941406250e+01
-7.949985504150390625e+01
-7.233186340332031250e+01
-8.275336456298828125e+01
-8.730043029785156250e+01
-8.380938720703125000e+01
-8.264531707763671875e+01
-8.473420715332031250e+01
-8.455027770996093750e+01
-8.397346496582031250e+01
-8.513691711425781250e+01
-8.419108581542968750e+01
-8.553230285644531250e+01
-8.335880279541015625e+01
-8.290927124023437500e+01
-7.311970520019531250e+01
-9.225077056884765625e+01
-8.778175354003906250e+01
-8.243492889404296875e+01
-7.681703186035156250e+01
-6.792751312255859375e+01
-7.244575500488281250e+01
-8.469670104980468750e+01
-8.588269042968750000e+01
-9.254480743408203125e+01
-8.768447875976562500e+01
-7.676236724853515625e+01
-8.567176055908203125e+01
-1.037167205810546875e+02
-1.003864364624023438e+02
-8.793334197998046875e+01
-7.928045654296875000e+01
-6.687706756591796875e+01
-7.705113220214843750e+01
-8.137372589111328125e+01
-7.836754608154296875e+01
-7.626795959472656250e+01
-8.666040802001953125e+01
-8.879754638671875000e+01
-8.456388092041015625e+01
-8.464461517333984375e+01
-8.535147094726562500e+01
-8.678033447265625000e+01
-8.794574737548828125e+01
-8.828851318359375000e+01
-8.720635223388671875e+01
-8.831478118896484375e+01
-8.811793518066406250e+01
-8.793436431884765625e+01
-7.837171173095703125e+01
-7.616262817382812500e+01
-9.308148193359375000e+01
-8.781080627441406250e+01
-8.656133270263671875e+01
-7.136481475830078125e+01
-6.352830123901367188e+01
-7.172218322753906250e+01
-8.187528991699218750e+01
-8.365396118164062500e+01
-8.209635925292968750e+01
-9.108386230468750000e+01
-1.071520538330078125e+02
-1.013167419433593750e+02
-8.946075439453125000e+01
-7.428668975830078125e+01
-6.599024963378906250e+01
-7.727272796630859375e+01
-7.769882965087890625e+01
-7.471994018554687500e+01
-7.433223724365234375e+01
-8.555783843994140625e+01
-8.643068695068359375e+01
-8.192646789550781250e+01
-8.260529327392578125e+01
-8.377667236328125000e+01
-8.381414794921875000e+01
-8.461051177978515625e+01
-8.416107940673828125e+01
-8.383889007568359375e+01
-8.353882598876953125e+01
-8.116309356689453125e+01
-8.266675567626953125e+01
-8.202677154541015625e+01
-7.539186096191406250e+01
-9.171503448486328125e+01
-8.616210174560546875e+01
-8.191254425048828125e+01
-7.399501800537109375e+01
-7.051918029785156250e+01
-7.658283233642578125e+01
-8.091976165771484375e+01
-8.706031036376953125e+01
-8.359123229980468750e+01
-8.200120544433593750e+01
-9.155155181884765625e+01
-1.074683303833007812e+02
-9.932428741455078125e+01
-8.250817108154296875e+01
-7.354946899414062500e+01
-6.748773193359375000e+01
-7.707824707031250000e+01
-8.032413482666015625e+01
-7.560292816162109375e+01
-8.022985076904296875e+01
-8.852385711669921875e+01
-8.682079315185546875e+01
-8.220153808593750000e+01
-8.450312805175781250e+01
-8.494649505615234375e+01
-8.584862518310546875e+01
-8.767398834228515625e+01
-8.768137359619140625e+01
-8.694809722900390625e+01
-8.801158905029296875e+01
-8.553212738037109375e+01
-8.685425567626953125e+01
-8.762247467041015625e+01
-7.538710784912109375e+01
-7.516471099853515625e+01
-9.440664672851562500e+01
-8.749875640869140625e+01
-8.251113891601562500e+01
-7.223358154296875000e+01
-6.728262329101562500e+01
-7.767195892333984375e+01
-7.413661193847656250e+01
-8.618766021728515625e+01
-9.957766723632812500e+01
-1.053896255493164062e+02
-9.928661346435546875e+01
-8.561862945556640625e+01
-7.306690979003906250e+01
-7.190648651123046875e+01
-7.979557037353515625e+01
-8.215488433837890625e+01
-7.201068115234375000e+01
-7.682261657714843750e+01
-8.804015350341796875e+01
-8.676026153564453125e+01
-8.187287139892578125e+01
-8.346874237060546875e+01
-8.402892303466796875e+01
-8.447734832763671875e+01
-8.510195922851562500e+01
-8.481026458740234375e+01
-8.424406433105468750e+01
-8.359909057617187500e+01
-8.205665588378906250e+01
-8.331577301025390625e+01
-8.452472686767578125e+01
-8.351678466796875000e+01
-7.639505767822265625e+01
-9.305837249755859375e+01
-8.671191406250000000e+01
-8.216688537597656250e+01
-7.088803100585937500e+01
-6.627921295166015625e+01
-7.695612335205078125e+01
-8.560777282714843750e+01
-7.239398956298828125e+01
-8.841483306884765625e+01
-9.576651763916015625e+01
-1.093826980590820312e+02
-9.681455230712890625e+01
-8.431057739257812500e+01
-7.111682891845703125e+01
-7.128806304931640625e+01
-7.841706848144531250e+01
-7.838175964355468750e+01
-7.283319854736328125e+01
-8.480461120605468750e+01
-9.095669555664062500e+01
-8.657600402832031250e+01
-8.237682342529296875e+01
-8.480283355712890625e+01
-8.514292144775390625e+01
-8.731239318847656250e+01
-8.750035095214843750e+01
-8.829606628417968750e+01
-8.694942474365234375e+01
-8.665692138671875000e+01
-8.502236175537109375e+01
-8.410140991210937500e+01
-8.716378784179687500e+01
-8.666819763183593750e+01
-7.428670501708984375e+01
-8.239751434326171875e+01
-9.389428710937500000e+01
-9.003461456298828125e+01
-8.526682281494140625e+01
-7.229775238037109375e+01
-7.156556701660156250e+01
-6.163006973266601562e+01
-8.111749267578125000e+01
-1.081299209594726562e+02
-1.061142120361328125e+02
-9.527580261230468750e+01
-8.071641540527343750e+01
-7.204798126220703125e+01
-7.504106903076171875e+01
-8.180072784423828125e+01
-8.043209838867187500e+01
-7.234654998779296875e+01
-7.917047119140625000e+01
-8.776768493652343750e+01
-8.601148223876953125e+01
-8.306008911132812500e+01
-8.410485076904296875e+01
-8.389984893798828125e+01
-8.434022521972656250e+01
-8.591126251220703125e+01
-8.454831695556640625e+01
-8.516649627685546875e+01
-8.304314422607421875e+01
-8.302512359619140625e+01
-8.257529449462890625e+01
-8.478998565673828125e+01
-8.505992889404296875e+01
-8.074314117431640625e+01
-7.965460968017578125e+01
-9.145416259765625000e+01
-8.403453826904296875e+01
-8.296525573730468750e+01
-7.094808197021484375e+01
-7.578787231445312500e+01
-8.042978668212890625e+01
-6.690776062011718750e+01
-8.105676269531250000e+01
-1.043053970336914062e+02
-1.046568679809570312e+02
-9.309464263916015625e+01
-8.439251708984375000e+01
-7.189752960205078125e+01
-7.853381347656250000e+01
-7.767337036132812500e+01
-7.794960021972656250e+01
-7.301672363281250000e+01
-8.593924713134765625e+01
-9.115600585937500000e+01
-8.546883392333984375e+01
-8.355888366699218750e+01
-8.364116668701171875e+01
-8.441593933105468750e+01
-8.662487030029296875e+01
-8.788173675537109375e+01
-8.666790008544921875e+01
-8.734465789794921875e+01
-8.506555938720703125e+01
-8.428704071044921875e+01
-8.379291534423828125e+01
-8.502094268798828125e+01
-8.592411804199218750e+01
-8.514691925048828125e+01
-7.304295349121093750e+01
-8.287687683105468750e+01
-9.096292114257812500e+01
-8.581995391845703125e+01
-8.351992034912109375e+01
-6.925694274902343750e+01
-5.541421508789062500e+01
-7.226454925537109375e+01
-1.011696472167968750e+02
-1.042212829589843750e+02
-9.022534179687500000e+01
-7.613899993896484375e+01
-6.960517883300781250e+01
-8.169903564453125000e+01
-8.318152618408203125e+01
-7.760900878906250000e+01
-7.271472930908203125e+01
-8.463190460205078125e+01
-8.655995941162109375e+01
-8.286833953857421875e+01
-8.398435211181640625e+01
-8.427407836914062500e+01
-8.386324310302734375e+01
-8.419084930419921875e+01
-8.447258758544921875e+01
-8.399374389648437500e+01
-8.466976165771484375e+01
-8.155618286132812500e+01
-8.292105102539062500e+01
-8.227474975585937500e+01
-8.310208892822265625e+01
-8.256678009033203125e+01
-8.380960083007812500e+01
-8.009493255615234375e+01
-7.728335571289062500e+01
-9.105049133300781250e+01
-8.263153076171875000e+01
-8.382838439941406250e+01
-7.450186157226562500e+01
-7.102443695068359375e+01
-6.455079650878906250e+01
-7.980279541015625000e+01
-1.071729812622070312e+02
-1.029367523193359375e+02
-8.573326873779296875e+01
-8.073808288574218750e+01
-7.194075775146484375e+01
-8.292080688476562500e+01
-8.363545989990234375e+01
-7.445389556884765625e+01
-7.850691223144531250e+01
-8.737391662597656250e+01
-8.873031616210937500e+01
-8.582470703125000000e+01
-8.614004516601562500e+01
-8.456947326660156250e+01
-8.499671173095703125e+01
-8.690628814697265625e+01
-8.807098388671875000e+01
-8.747120666503906250e+01
-8.851921844482421875e+01
-8.592459869384765625e+01
-8.447389984130859375e+01
-8.543943023681640625e+01
-8.478944396972656250e+01
-8.376648712158203125e+01
-8.756377410888671875e+01
-8.626819610595703125e+01
-7.141603851318359375e+01
-8.893420410156250000e+01
-9.312111663818359375e+01
-8.991024017333984375e+01
-7.892247772216796875e+01
-6.140734100341796875e+01
-6.542536926269531250e+01
-9.216049194335937500e+01
-9.718743896484375000e+01
-8.732523345947265625e+01
-7.271587371826171875e+01
-7.062148284912109375e+01
-8.536257934570312500e+01
-8.862937164306640625e+01
-7.967291259765625000e+01
-7.766895294189453125e+01
-8.700733184814453125e+01
-8.633744812011718750e+01
-8.109909820556640625e+01
-8.376454162597656250e+01
-8.528684997558593750e+01
-8.427378845214843750e+01
-8.479049682617187500e+01
-8.359194946289062500e+01
-8.376965332031250000e+01
-8.342511749267578125e+01
-8.095508575439453125e+01
-8.278704833984375000e+01
-8.352423858642578125e+01
-8.370504760742187500e+01
-8.307560729980468750e+01
-8.303595733642578125e+01
-8.361490631103515625e+01
-7.974938201904296875e+01
-7.634954833984375000e+01
-9.077982330322265625e+01
-8.326078033447265625e+01
-8.353746032714843750e+01
-6.494486236572265625e+01
-6.697642517089843750e+01
-8.153645324707031250e+01
-1.035439605712890625e+02
-9.916733551025390625e+01
-8.393283843994140625e+01
-7.317002868652343750e+01
-7.387564849853515625e+01
-8.400971221923828125e+01
-8.528056335449218750e+01
-7.700988769531250000e+01
-8.031601715087890625e+01
-9.100856781005859375e+01
-8.576094818115234375e+01
-8.337388610839843750e+01
-8.730414581298828125e+01
-8.625870513916015625e+01
-8.611647033691406250e+01
-8.719868469238281250e+01
-8.773050689697265625e+01
-8.719423675537109375e+01
-8.821549987792968750e+01
-8.596726226806640625e+01
-8.422194671630859375e+01
-8.482440185546875000e+01
-8.381604766845703125e+01
-8.377854919433593750e+01
-8.713936614990234375e+01
-8.573190307617187500e+01
-8.581220245361328125e+01
-7.038881683349609375e+01
-8.913684844970703125e+01
-9.437200927734375000e+01
-8.249472808837890625e+01
-7.625601196289062500e+01
-7.436686706542968750e+01
-8.636299133300781250e+01
-8.681543731689453125e+01
-7.635140228271484375e+01
-6.873754119873046875e+01
-7.104176330566406250e+01
-8.316126251220703125e+01
-8.665389251708984375e+01
-7.901872253417968750e+01
-8.257227325439453125e+01
-8.813227844238281250e+01
-8.593967437744140625e+01
-8.110562133789062500e+01
-8.247766876220703125e+01
-8.326758575439453125e+01
-8.450712585449218750e+01
-8.501845550537109375e+01
-8.343685913085937500e+01
-8.346955871582031250e+01
-8.274195861816406250e+01
-8.146321868896484375e+01
-8.155815124511718750e+01
-8.352214813232421875e+01
-8.422839355468750000e+01
-8.213536071777343750e+01
-8.285094451904296875e+01
-8.393600463867187500e+01
-8.410637664794921875e+01
-7.910735321044921875e+01
-7.444403839111328125e+01
-9.490997314453125000e+01
-8.707955932617187500e+01
-7.050601959228515625e+01
-6.362432098388671875e+01
-7.742449951171875000e+01
-1.002823562622070312e+02
-9.185604858398437500e+01
-8.318731689453125000e+01
-7.221295928955078125e+01
-7.649591827392578125e+01
-8.319502258300781250e+01
-8.436481475830078125e+01
-7.886443328857421875e+01
-8.687332916259765625e+01
-8.941430664062500000e+01
-8.689978027343750000e+01
-8.234727478027343750e+01
-8.558763122558593750e+01
-8.754297637939453125e+01
-8.863066864013671875e+01
-8.774671173095703125e+01
-8.714295959472656250e+01
-8.665103149414062500e+01
-8.569669342041015625e+01
-8.539374542236328125e+01
-8.361061096191406250e+01
-8.453839111328125000e+01
-8.393457794189453125e+01
-8.392642211914062500e+01
-8.436927032470703125e+01
-8.592221069335937500e+01
-8.540011596679687500e+01
-8.590753173828125000e+01
-7.299584197998046875e+01
-8.770586395263671875e+01
-8.178403472900390625e+01
-8.585089874267578125e+01
-9.198832702636718750e+01
-8.404257965087890625e+01
-7.791651916503906250e+01
-6.651824951171875000e+01
-5.818272781372070312e+01
-7.425284576416015625e+01
-8.135110473632812500e+01
-8.189324188232421875e+01
-7.684555053710937500e+01
-8.889173126220703125e+01
-9.099217224121093750e+01
-8.555518341064453125e+01
-8.308613586425781250e+01
-8.320665740966796875e+01
-8.333555603027343750e+01
-8.463039398193359375e+01
-8.585916900634765625e+01
-8.408563995361328125e+01
-8.442243194580078125e+01
-8.218260955810546875e+01
-8.308792114257812500e+01
-8.244286346435546875e+01
-8.392187500000000000e+01
-8.376904296875000000e+01
-8.299783325195312500e+01
-8.482387542724609375e+01
-8.122731781005859375e+01
-8.265813446044921875e+01
-8.811056518554687500e+01
-7.958325958251953125e+01
-8.520389556884765625e+01
-9.437595367431640625e+01
-7.514683532714843750e+01
-7.447165679931640625e+01
-8.151477813720703125e+01
-9.347631072998046875e+01
-8.523175048828125000e+01
-7.856031799316406250e+01
-6.751580810546875000e+01
-8.467261505126953125e+01
-8.308126831054687500e+01
-8.331799316406250000e+01
-8.161863708496093750e+01
-9.223676300048828125e+01
-9.129853820800781250e+01
-8.440180969238281250e+01
-8.583287048339843750e+01
-8.433383941650390625e+01
-8.690152740478515625e+01
-8.950529479980468750e+01
-8.911295318603515625e+01
-8.633242034912109375e+01
-8.714384460449218750e+01
-8.482985687255859375e+01
-8.450788116455078125e+01
-8.475156402587890625e+01
-8.465435791015625000e+01
-8.329732513427734375e+01
-8.254807281494140625e+01
-8.571710968017578125e+01
-8.363883209228515625e+01
-8.375297546386718750e+01
-8.466682434082031250e+01
-8.630767822265625000e+01
-6.899298095703125000e+01
-7.628693389892578125e+01
-9.301138305664062500e+01
-1.004064865112304688e+02
-8.952896881103515625e+01
-7.595597839355468750e+01
-5.890945434570312500e+01
-5.235128402709960938e+01
-7.084577178955078125e+01
-8.462519836425781250e+01
-7.815693664550781250e+01
-7.663783264160156250e+01
-9.163834381103515625e+01
-9.409316253662109375e+01
-8.722353363037109375e+01
-8.549752044677734375e+01
-8.570977783203125000e+01
-8.352473449707031250e+01
-8.417184448242187500e+01
-8.605838775634765625e+01
-8.649377441406250000e+01
-8.518328857421875000e+01
-8.176015472412109375e+01
-8.331348419189453125e+01
-8.274545288085937500e+01
-8.449089813232421875e+01
-8.370014953613281250e+01
-8.435941314697265625e+01
-8.362104034423828125e+01
-8.305690765380859375e+01
-8.142219543457031250e+01
-8.190415954589843750e+01
-8.786531829833984375e+01
-8.261859893798828125e+01
-7.970089721679687500e+01
-8.633081817626953125e+01
-8.331163024902343750e+01
-9.613453674316406250e+01
-8.486557006835937500e+01
-7.800207519531250000e+01
-7.235905456542968750e+01
-6.227746200561523438e+01
-8.155582427978515625e+01
-8.828774261474609375e+01
-7.834965515136718750e+01
-8.373772430419921875e+01
-9.440826416015625000e+01
-9.296984863281250000e+01
-8.541613006591796875e+01
-8.444665527343750000e+01
-8.564192199707031250e+01
-8.465661621093750000e+01
-8.764086151123046875e+01
-8.968235015869140625e+01
-8.778202819824218750e+01
-8.713805389404296875e+01
-8.415518188476562500e+01
-8.390550994873046875e+01
-8.456485748291015625e+01
-8.476711273193359375e+01
-8.267790222167968750e+01
-8.485755157470703125e+01
-8.494344329833984375e+01
-8.437107849121093750e+01
-8.460794830322265625e+01
-8.649492645263671875e+01
-8.862812805175781250e+01
-8.161145782470703125e+01
-5.975114440917968750e+01
-9.558205413818359375e+01
-1.039662322998046875e+02
-9.668978881835937500e+01
-7.977826690673828125e+01
-5.978487777709960938e+01
-4.910485458374023438e+01
-6.798670959472656250e+01
-7.992840576171875000e+01
-7.969522094726562500e+01
-7.746321868896484375e+01
-9.247642517089843750e+01
-9.347366333007812500e+01
-8.871437072753906250e+01
-8.792739105224609375e+01
-8.575669097900390625e+01
-8.485820007324218750e+01
-8.448368835449218750e+01
-8.373522186279296875e+01
-8.532965850830078125e+01
-8.510677337646484375e+01
-8.175372314453125000e+01
-8.287734985351562500e+01
-8.272219085693359375e+01
-8.344915771484375000e+01
-8.340926361083984375e+01
-8.316105651855468750e+01
-8.304019165039062500e+01
-8.249166870117187500e+01
-8.311653137207031250e+01
-8.453835296630859375e+01
-8.317002868652343750e+01
-8.660919189453125000e+01
-7.400992584228515625e+01
-7.559802246093750000e+01
-9.729913330078125000e+01
-1.012233581542968750e+02
-9.118934631347656250e+01
-6.952523040771484375e+01
-6.391012191772460938e+01
-5.944022750854492188e+01
-7.579933929443359375e+01
-8.492930603027343750e+01
-7.998735809326171875e+01
-8.315952301025390625e+01
-9.580672454833984375e+01
-9.351343536376953125e+01
-8.831742095947265625e+01
-8.679425048828125000e+01
-8.482338714599609375e+01
-8.715055084228515625e+01
-8.650995635986328125e+01
-8.888256835937500000e+01
-8.872975158691406250e+01
-8.913502502441406250e+01
-8.499626922607421875e+01
-8.352975463867187500e+01
-8.492913818359375000e+01
-8.418428039550781250e+01
-8.321268463134765625e+01
-8.588976287841796875e+01
-8.391260528564453125e+01
-8.284121704101562500e+01
-8.491815185546875000e+01
-8.603151702880859375e+01
-8.941316223144531250e+01
-8.238784027099609375e+01
-8.038329315185546875e+01
-7.336254119873046875e+01
-1.083337326049804688e+02
-9.812532043457031250e+01
-8.364366149902343750e+01
-6.544941711425781250e+01
-5.370619583129882812e+01
-6.204828643798828125e+01
-7.237693023681640625e+01
-7.095757293701171875e+01
-8.213716125488281250e+01
-8.989712524414062500e+01
-9.175648498535156250e+01
-8.892202758789062500e+01
-9.037259674072265625e+01
-8.792545318603515625e+01
-8.491765594482421875e+01
-8.540238952636718750e+01
-8.239351654052734375e+01
-8.245918273925781250e+01
-8.310020446777343750e+01
