6.088812637329101562e+01
5.826838684082031250e+01
6.006785964965820312e+01
5.907973861694335938e+01
5.884135055541992188e+01
5.363771057128906250e+01
5.844626235961914062e+01
5.781101608276367188e+01
5.640623855590820312e+01
5.308633804321289062e+01
5.857052612304687500e+01
5.982263565063476562e+01
5.193383407592773438e+01
4.936154174804687500e+01
5.450352859497070312e+01
4.809011077880859375e+01
6.443474578857421875e+01
6.292890930175781250e+01
5.682258224487304688e+01
5.724977874755859375e+01
5.630586242675781250e+01
5.146318817138671875e+01
4.881878280639648438e+01
4.641196060180664062e+01
4.845999145507812500e+01
4.675105285644531250e+01
4.811601257324218750e+01
5.043579101562500000e+01
4.715214920043945312e+01
4.277350997924804688e+01
5.000976943969726562e+01
4.663704299926757812e+01
5.348451232910156250e+01
5.462096023559570312e+01
5.797476959228515625e+01
5.679451751708984375e+01
5.921302795410156250e+01
5.573628234863281250e+01
5.552312469482421875e+01
5.399656677246093750e+01
5.112070846557617188e+01
5.636278152465820312e+01
5.823719024658203125e+01
5.687199783325195312e+01
5.887834167480468750e+01
5.852762603759765625e+01
5.617879867553710938e+01
4.980632781982421875e+01
5.604626464843750000e+01
6.400631713867187500e+01
6.685355377197265625e+01
6.724221038818359375e+01
6.390810775756835938e+01
6.025348281860351562e+01
6.034732437133789062e+01
5.598645019531250000e+01
5.396065521240234375e+01
5.364471054077148438e+01
5.378387451171875000e+01
4.719070816040039062e+01
5.825559997558593750e+01
6.232773590087890625e+01
5.329663848876953125e+01
6.270774841308593750e+01
6.218589019775390625e+01
6.508573913574218750e+01
6.155796813964843750e+01
5.994484710693359375e+01
5.979077911376953125e+01
5.956235122680664062e+01
5.932469558715820312e+01
5.925800323486328125e+01
5.989041900634765625e+01
6.141761398315429688e+01
5.218228912353515625e+01
6.390491867065429688e+01
5.180557632446289062e+01
5.661798095703125000e+01
6.054016876220703125e+01
5.814842605590820312e+01
4.953548049926757812e+01
4.639512634277343750e+01
5.221643066406250000e+01
5.753351974487304688e+01
5.777943420410156250e+01
5.505435180664062500e+01
5.254330825805664062e+01
5.208919525146484375e+01
4.721726608276367188e+01
4.936347961425781250e+01
4.047308349609375000e+01
5.067818069458007812e+01
5.234292984008789062e+01
5.454977416992187500e+01
5.569541168212890625e+01
4.991153717041015625e+01
5.435581588745117188e+01
4.674539947509765625e+01
5.097653579711914062e+01
4.890076446533203125e+01
5.246712875366210938e+01
5.843785476684570312e+01
5.254400253295898438e+01
5.252544021606445312e+01
5.538311767578125000e+01
5.483658599853515625e+01
5.117412567138671875e+01
5.174973678588867188e+01
5.156155776977539062e+01
5.997288131713867188e+01
5.577238082885742188e+01
5.856999969482421875e+01
6.063398742675781250e+01
5.874193572998046875e+01
5.673011779785156250e+01
4.933407592773437500e+01
6.320873641967773438e+01
7.036634826660156250e+01
6.680233764648437500e+01
5.662260818481445312e+01
6.338274383544921875e+01
5.421094512939453125e+01
5.472516250610351562e+01
5.342950439453125000e+01
5.522972106933593750e+01
5.688730621337890625e+01
6.004426193237304688e+01
5.945701599121093750e+01
5.742557525634765625e+01
6.254684448242187500e+01
5.996120834350585938e+01
5.876470947265625000e+01
6.431086730957031250e+01
6.303350067138671875e+01
6.300113296508789062e+01
6.513345336914062500e+01
5.955558776855468750e+01
6.070777893066406250e+01
5.922568511962890625e+01
6.058625030517578125e+01
5.553840255737304688e+01
5.906953430175781250e+01
6.072938537597656250e+01
5.798392105102539062e+01
5.307415008544921875e+01
5.639495468139648438e+01
5.701512145996093750e+01
4.981484985351562500e+01
4.565139770507812500e+01
5.212851715087890625e+01
4.247266769409179688e+01
5.820779418945312500e+01
5.460668182373046875e+01
5.369194030761718750e+01
5.211800003051757812e+01
5.549639511108398438e+01
5.325907135009765625e+01
4.994315719604492188e+01
4.967836761474609375e+01
4.988053894042968750e+01
4.751639175415039062e+01
4.827581024169921875e+01
5.546894454956054688e+01
4.838824081420898438e+01
4.810037231445312500e+01
4.844160842895507812e+01
4.846088409423828125e+01
5.245666503906250000e+01
5.277009582519531250e+01
5.409000396728515625e+01
5.569833374023437500e+01
5.930520248413085938e+01
5.646677780151367188e+01
5.614159774780273438e+01
5.642788696289062500e+01
5.189590072631835938e+01
5.683601379394531250e+01
5.806605529785156250e+01
5.818392181396484375e+01
5.924344253540039062e+01
6.062417984008789062e+01
5.456863403320312500e+01
4.221758651733398438e+01
5.380316162109375000e+01
6.209604263305664062e+01
6.521443176269531250e+01
6.548386383056640625e+01
6.478142547607421875e+01
5.939981842041015625e+01
6.022930526733398438e+01
5.493751907348632812e+01
5.444305419921875000e+01
5.479329681396484375e+01
5.652173233032226562e+01
5.876585388183593750e+01
6.473065185546875000e+01
6.187943649291992188e+01
5.911869049072265625e+01
6.687924957275390625e+01
6.060052108764648438e+01
6.660073089599609375e+01
6.495866394042968750e+01
6.212269592285156250e+01
6.052925491333007812e+01
6.304332351684570312e+01
6.009233474731445312e+01
5.896186828613281250e+01
5.967369079589843750e+01
6.176478576660156250e+01
5.116810607910156250e+01
6.086046981811523438e+01
5.035858917236328125e+01
5.504660415649414062e+01
5.024370956420898438e+01
5.116912841796875000e+01
4.697798538208007812e+01
4.511382293701171875e+01
5.220734024047851562e+01
6.172253417968750000e+01
5.949926757812500000e+01
5.524554824829101562e+01
5.300805664062500000e+01
5.270315551757812500e+01
4.816550445556640625e+01
4.883712768554687500e+01
4.920954132080078125e+01
5.142120742797851562e+01
5.458325195312500000e+01
5.390692520141601562e+01
5.274803543090820312e+01
4.664776229858398438e+01
4.916637802124023438e+01
4.502210617065429688e+01
5.069943237304687500e+01
4.912865829467773438e+01
5.400467681884765625e+01
5.978435897827148438e+01
5.503579711914062500e+01
5.412679672241210938e+01
5.392954254150390625e+01
5.771981048583984375e+01
5.077472305297851562e+01
5.004635238647460938e+01
5.142414474487304688e+01
5.279839324951171875e+01
5.583838653564453125e+01
5.685456466674804688e+01
5.909479904174804688e+01
5.850255203247070312e+01
5.553038406372070312e+01
5.076249694824218750e+01
6.457726287841796875e+01
6.869384765625000000e+01
6.623666381835937500e+01
5.895057678222656250e+01
6.592691040039062500e+01
6.234568786621093750e+01
5.588254928588867188e+01
5.648667526245117188e+01
5.469887924194335938e+01
5.658782577514648438e+01
5.836418533325195312e+01
5.857282257080078125e+01
6.247780227661132812e+01
6.706000518798828125e+01
5.960823059082031250e+01
6.304466247558593750e+01
6.365831375122070312e+01
6.210781860351562500e+01
6.163906860351562500e+01
6.092819595336914062e+01
5.588848876953125000e+01
5.737407302856445312e+01
5.398145294189453125e+01
5.674454116821289062e+01
4.649938964843750000e+01
5.314111328125000000e+01
5.640638732910156250e+01
5.445794296264648438e+01
5.527920532226562500e+01
5.915533828735351562e+01
5.898233795166015625e+01
4.982553863525390625e+01
4.591910552978515625e+01
5.327125930786132812e+01
4.449354553222656250e+01
5.959236145019531250e+01
6.328661346435546875e+01
5.394562530517578125e+01
5.453566741943359375e+01
5.404106521606445312e+01
5.071369934082031250e+01
4.687231063842773438e+01
5.000416564941406250e+01
4.989110946655273438e+01
4.840858459472656250e+01
5.207905960083007812e+01
5.892986297607421875e+01
4.576867294311523438e+01
5.100833511352539062e+01
4.678431701660156250e+01
5.206118774414062500e+01
5.280739593505859375e+01
5.468476104736328125e+01
5.287157821655273438e+01
5.089356994628906250e+01
5.419594573974609375e+01
5.687759780883789062e+01
5.322823333740234375e+01
5.700647735595703125e+01
5.218913269042968750e+01
5.866610717773437500e+01
5.834395980834960938e+01
5.808650588989257812e+01
5.861128234863281250e+01
5.961412429809570312e+01
5.537419891357421875e+01
4.936721420288085938e+01
5.979345703125000000e+01
6.413095855712890625e+01
7.035265350341796875e+01
6.685625457763671875e+01
6.623976898193359375e+01
5.917546844482421875e+01
6.116749954223632812e+01
5.670341873168945312e+01
5.605593872070312500e+01
5.771256637573242188e+01
6.007136535644531250e+01
5.949475860595703125e+01
6.387152481079101562e+01
5.878298568725585938e+01
6.100686645507812500e+01
6.143853759765625000e+01
5.951587295532226562e+01
5.948628234863281250e+01
5.883390426635742188e+01
5.372198104858398438e+01
5.703115081787109375e+01
5.841282272338867188e+01
5.974434280395507812e+01
5.903543472290039062e+01
6.059237289428710938e+01
6.356434249877929688e+01
5.268029403686523438e+01
6.106420898437500000e+01
4.945712661743164062e+01
5.545336532592773438e+01
5.963803482055664062e+01
5.456852340698242188e+01
4.764948654174804688e+01
4.482284164428710938e+01
5.119517135620117188e+01
6.025265884399414062e+01
5.799199676513671875e+01
5.355102920532226562e+01
5.273678588867187500e+01
5.458184051513671875e+01
5.014884948730468750e+01
5.069706344604492188e+01
5.062194061279296875e+01
5.250207138061523438e+01
5.480363464355468750e+01
5.460462570190429688e+01
5.289136505126953125e+01
5.040938568115234375e+01
4.966493606567382812e+01
3.835126113891601562e+01
4.882607650756835938e+01
5.125996398925781250e+01
5.237157821655273438e+01
5.943196105957031250e+01
5.475103759765625000e+01
5.383477401733398438e+01
5.573542785644531250e+01
5.607632827758789062e+01
5.186419677734375000e+01
5.233995819091796875e+01
5.281355285644531250e+01
6.094786071777343750e+01
5.772701644897460938e+01
5.954888153076171875e+01
6.166566085815429688e+01
6.014706420898437500e+01
5.418373489379882812e+01
5.409634017944335938e+01
6.730164337158203125e+01
6.974689483642578125e+01
6.684179687500000000e+01
6.072880935668945312e+01
6.598816680908203125e+01
6.240742492675781250e+01
5.550298690795898438e+01
5.489599609375000000e+01
5.261894226074218750e+01
5.308561706542968750e+01
5.631427383422851562e+01
5.554565811157226562e+01
5.299218750000000000e+01
6.113942718505859375e+01
5.520239639282226562e+01
5.940984725952148438e+01
6.278627395629882812e+01
6.251260375976562500e+01
6.158164978027343750e+01
6.391861724853515625e+01
5.591415405273437500e+01
5.899367141723632812e+01
5.675555801391601562e+01
5.632097244262695312e+01
5.485279846191406250e+01
5.327848434448242188e+01
5.996973037719726562e+01
5.329867553710937500e+01
5.403231430053710938e+01
5.668678283691406250e+01
5.623186111450195312e+01
4.889551544189453125e+01
4.551567840576171875e+01
5.388229370117187500e+01
4.615072250366210938e+01
6.040376281738281250e+01
6.576158142089843750e+01
5.675020217895507812e+01
5.390577316284179688e+01
5.507207489013671875e+01
4.977078247070312500e+01
4.599990844726562500e+01
4.897037887573242188e+01
4.429347229003906250e+01
4.987401962280273438e+01
5.249178695678710938e+01
5.766741943359375000e+01
4.609391403198242188e+01
5.458834075927734375e+01
4.725995254516601562e+01
5.244776535034179688e+01
5.305489349365234375e+01
5.516260147094726562e+01
5.441207122802734375e+01
5.718268966674804688e+01
6.071417236328125000e+01
5.814729309082031250e+01
5.452332687377929688e+01
5.666493988037109375e+01
5.236723709106445312e+01
5.860143280029296875e+01
5.879429626464843750e+01
6.055632781982421875e+01
6.022901916503906250e+01
6.110793304443359375e+01
5.769270324707031250e+01
4.947581863403320312e+01
5.926195144653320312e+01
6.396520614624023438e+01
6.672259521484375000e+01
6.307138824462890625e+01
6.254553222656250000e+01
5.442501449584960938e+01
5.805661010742187500e+01
4.631752395629882812e+01
5.280632400512695312e+01
5.309095001220703125e+01
5.903341293334960938e+01
6.126472854614257812e+01
6.517494201660156250e+01
6.053812408447265625e+01
6.275066375732421875e+01
6.084303283691406250e+01
6.010013961791992188e+01
6.211363983154296875e+01
6.376920318603515625e+01
6.171352767944335938e+01
5.800510787963867188e+01
6.234032058715820312e+01
5.785895538330078125e+01
5.783951187133789062e+01
5.748368453979492188e+01
6.262209320068359375e+01
5.282796859741210938e+01
6.172586822509765625e+01
5.121715164184570312e+01
5.732833099365234375e+01
6.009252548217773438e+01
5.569993209838867188e+01
4.811484146118164062e+01
4.751639556884765625e+01
5.071405792236328125e+01
6.219253921508789062e+01
5.659417724609375000e+01
4.964102935791015625e+01
4.907296752929687500e+01
5.509808349609375000e+01
4.905290222167968750e+01
5.121718597412109375e+01
5.004755020141601562e+01
5.309071731567382812e+01
5.360770034790039062e+01
5.286613082885742188e+01
5.018306732177734375e+01
5.153626251220703125e+01
4.973852539062500000e+01
4.746942901611328125e+01
5.212498855590820312e+01
5.166262435913085938e+01
5.530246353149414062e+01
6.167640304565429688e+01
5.390769195556640625e+01
5.451406860351562500e+01
5.713339996337890625e+01
5.669701004028320312e+01
5.302208709716796875e+01
5.394347763061523438e+01
5.478425979614257812e+01
6.017112731933593750e+01
5.476718139648437500e+01
5.570064544677734375e+01
5.981680297851562500e+01
5.554237747192382812e+01
5.201287460327148438e+01
4.674347305297851562e+01
6.213130950927734375e+01
6.059952163696289062e+01
6.282040786743164062e+01
5.595102691650390625e+01
6.516532135009765625e+01
6.246779632568359375e+01
5.625331115722656250e+01
5.642694091796875000e+01
5.298854446411132812e+01
5.339377975463867188e+01
5.550608444213867188e+01
5.465998458862304688e+01
6.118173980712890625e+01
6.548436737060546875e+01
5.645634841918945312e+01
6.126546478271484375e+01
6.242656326293945312e+01
6.054761886596679688e+01
5.854490661621093750e+01
6.176893997192382812e+01
5.573797225952148438e+01
6.016798400878906250e+01
5.904499053955078125e+01
5.782083892822265625e+01
5.626415634155273438e+01
5.357270050048828125e+01
6.142965698242187500e+01
5.439428710937500000e+01
5.537622070312500000e+01
5.930770111083984375e+01
5.703947830200195312e+01
4.241041183471679688e+01
4.401157379150390625e+01
5.469117355346679688e+01
4.606406021118164062e+01
5.905907440185546875e+01
6.436293029785156250e+01
5.679457855224609375e+01
5.541387557983398438e+01
5.391672134399414062e+01
5.086515426635742188e+01
4.825999069213867188e+01
5.070694732666015625e+01
5.185649490356445312e+01
5.145166778564453125e+01
5.417732238769531250e+01
5.888103866577148438e+01
4.695050811767578125e+01
5.395772933959960938e+01
4.908520889282226562e+01
5.480754852294921875e+01
5.433425903320312500e+01
5.667990875244140625e+01
5.720193862915039062e+01
5.859657669067382812e+01
6.044814300537109375e+01
5.618096542358398438e+01
5.181500625610351562e+01
5.566953277587890625e+01
4.927904891967773438e+01
5.709458160400390625e+01
5.533300399780273438e+01
5.064782333374023438e+01
5.351858520507812500e+01
5.685675811767578125e+01
5.326385116577148438e+01
5.061561584472656250e+01
5.987253570556640625e+01
6.439492797851562500e+01
6.928730010986328125e+01
6.370266342163085938e+01
6.359354782104492188e+01
5.698756790161132812e+01
5.803341293334960938e+01
5.520653152465820312e+01
5.434710311889648438e+01
5.484438323974609375e+01
5.770231246948242188e+01
6.033079528808593750e+01
6.358807754516601562e+01
6.039250564575195312e+01
6.060777282714843750e+01
6.220484161376953125e+01
6.033068466186523438e+01
6.386289215087890625e+01
6.472017669677734375e+01
6.315208816528320312e+01
6.026554489135742188e+01
6.205173492431640625e+01
5.987016677856445312e+01
5.792638397216796875e+01
5.927701950073242188e+01
6.184844970703125000e+01
4.566688156127929688e+01
5.963433456420898438e+01
5.098475646972656250e+01
5.527624893188476562e+01
6.005825042724609375e+01
5.700305557250976562e+01
5.007357788085937500e+01
4.688565063476562500e+01
5.037643814086914062e+01
6.139500045776367188e+01
5.926617431640625000e+01
5.423897552490234375e+01
5.442260360717773438e+01
5.589437484741210938e+01
5.138687515258789062e+01
5.120375442504882812e+01
5.065711212158203125e+01
5.286145782470703125e+01
5.609785079956054688e+01
5.517568588256835938e+01
5.393474578857421875e+01
4.944049453735351562e+01
5.160459518432617188e+01
4.645696258544921875e+01
5.150013351440429688e+01
5.043631744384765625e+01
5.227838134765625000e+01
5.713470077514648438e+01
5.051712417602539062e+01
4.991017150878906250e+01
5.489751434326171875e+01
4.674282073974609375e+01
4.859121704101562500e+01
5.009310531616210938e+01
5.153435134887695312e+01
6.004620742797851562e+01
5.691703033447265625e+01
5.770915603637695312e+01
5.966342544555664062e+01
5.633868408203125000e+01
5.262424850463867188e+01
4.824298095703125000e+01
6.382811737060546875e+01
6.898754119873046875e+01
6.493141174316406250e+01
5.781426620483398438e+01
6.353737640380859375e+01
6.045781707763671875e+01
5.326527404785156250e+01
5.233706283569335938e+01
5.313671875000000000e+01
5.411602783203125000e+01
5.620998764038085938e+01
5.738031768798828125e+01
6.066199111938476562e+01
6.790218353271484375e+01
6.026504898071289062e+01
5.981071853637695312e+01
6.468902587890625000e+01
5.994105148315429688e+01
5.820320510864257812e+01
6.047549438476562500e+01
4.944340896606445312e+01
5.893049621582031250e+01
5.613192749023437500e+01
5.710781097412109375e+01
5.525108337402343750e+01
5.748939514160156250e+01
6.068528747558593750e+01
5.542140960693359375e+01
5.409473800659179688e+01
5.804098129272460938e+01
5.896409606933593750e+01
5.027262878417968750e+01
4.842404937744140625e+01
5.482916259765625000e+01
4.870872879028320312e+01
6.064629364013671875e+01
6.450317382812500000e+01
5.692520523071289062e+01
5.775196075439453125e+01
5.665579986572265625e+01
5.290613555908203125e+01
5.090190124511718750e+01
5.120346450805664062e+01
5.029574584960937500e+01
4.810795974731445312e+01
4.967134475708007812e+01
5.569194030761718750e+01
4.674195098876953125e+01
4.690347290039062500e+01
4.394126129150390625e+01
4.882606506347656250e+01
4.359053421020507812e+01
5.222467041015625000e+01
5.302909851074218750e+01
5.690604019165039062e+01
6.098992156982421875e+01
5.691366195678710938e+01
5.539625549316406250e+01
5.569608306884765625e+01
4.999681091308593750e+01
5.548339843750000000e+01
5.702996826171875000e+01
5.732482910156250000e+01
5.790367507934570312e+01
5.812824249267578125e+01
5.568974304199218750e+01
4.899251937866210938e+01
5.731484985351562500e+01
6.070243453979492188e+01
6.654634857177734375e+01
6.418029022216796875e+01
6.259155273437500000e+01
5.900560379028320312e+01
5.982462310791015625e+01
5.568398284912109375e+01
5.472891616821289062e+01
5.458462142944335938e+01
5.756650161743164062e+01
5.817105484008789062e+01
6.342679214477539062e+01
5.953475189208984375e+01
5.090434265136718750e+01
5.852051544189453125e+01
5.983750534057617188e+01
6.118951416015625000e+01
6.377557373046875000e+01
6.215451812744140625e+01
6.129148101806640625e+01
6.257688140869140625e+01
5.998802185058593750e+01
5.900479507446289062e+01
5.958596420288085938e+01
6.224473190307617188e+01
5.334669876098632812e+01
6.439486694335937500e+01
5.223805236816406250e+01
5.805509185791015625e+01
6.207279586791992188e+01
5.785873031616210938e+01
5.050093078613281250e+01
4.858923339843750000e+01
5.288618087768554688e+01
6.226523971557617188e+01
6.152137756347656250e+01
5.704309844970703125e+01
5.376005554199218750e+01
5.342574691772460938e+01
4.846739959716796875e+01
4.980319595336914062e+01
4.779316329956054688e+01
5.223920059204101562e+01
5.211120223999023438e+01
4.892855072021484375e+01
4.861297988891601562e+01
4.671994400024414062e+01
5.020590209960937500e+01
4.689980316162109375e+01
5.275342178344726562e+01
5.023221969604492188e+01
5.414732742309570312e+01
5.718337631225585938e+01
5.091793060302734375e+01
5.044639587402343750e+01
5.336295318603515625e+01
5.651706314086914062e+01
5.007765960693359375e+01
5.109617614746093750e+01
5.084314727783203125e+01
6.012953186035156250e+01
5.352139282226562500e+01
5.685765075683593750e+01
5.773631286621093750e+01
5.568268966674804688e+01
5.330278015136718750e+01
4.994586944580078125e+01
6.455789947509765625e+01
7.066840362548828125e+01
6.671664428710937500e+01
5.861388397216796875e+01
6.637687683105468750e+01
6.078261947631835938e+01
5.451907348632812500e+01
5.314686965942382812e+01
4.642136383056640625e+01
5.390567016601562500e+01
5.747041320800781250e+01
5.686867523193359375e+01
5.953936004638671875e+01
6.650455474853515625e+01
6.110222244262695312e+01
6.046354675292968750e+01
6.306826019287109375e+01
6.159903717041015625e+01
6.155484771728515625e+01
6.359193038940429688e+01
5.793921279907226562e+01
6.062168121337890625e+01
5.942177200317382812e+01
6.009390258789062500e+01
5.644230270385742188e+01
5.822481536865234375e+01
6.233659744262695312e+01
5.857247924804687500e+01
5.668801879882812500e+01
5.988290023803710938e+01
6.104849624633789062e+01
5.177644348144531250e+01
4.798265457153320312e+01
5.431117630004882812e+01
4.589515304565429688e+01
6.063875579833984375e+01
6.175191116333007812e+01
5.429874038696289062e+01
5.541696166992187500e+01
4.633440017700195312e+01
4.940517807006835938e+01
4.736551284790039062e+01
4.938414001464843750e+01
5.158647155761718750e+01
5.017346954345703125e+01
5.066596221923828125e+01
5.782466888427734375e+01
4.653842544555664062e+01
4.802354431152343750e+01
4.648097610473632812e+01
4.972370910644531250e+01
5.231972503662109375e+01
5.259478759765625000e+01
5.516969680786132812e+01
5.362429046630859375e+01
5.865984344482421875e+01
5.446231842041015625e+01
5.240265655517578125e+01
5.450772094726562500e+01
4.982088088989257812e+01
5.586548233032226562e+01
5.848788070678710938e+01
5.920275497436523438e+01
5.980078125000000000e+01
6.010175704956054688e+01
5.520654678344726562e+01
4.985437774658203125e+01
5.637978744506835938e+01
5.997373199462890625e+01
6.501269531250000000e+01
5.864795303344726562e+01
6.257936859130859375e+01
5.686107635498046875e+01
5.951208877563476562e+01
5.649336242675781250e+01
5.633112335205078125e+01
5.609862899780273438e+01
5.791765594482421875e+01
5.904199218750000000e+01
6.479862976074218750e+01
6.170599365234375000e+01
6.014530944824218750e+01
6.567817687988281250e+01
6.173368835449218750e+01
6.715517425537109375e+01
6.544904327392578125e+01
6.359084320068359375e+01
6.198503875732421875e+01
6.540685272216796875e+01
6.214957046508789062e+01
6.042510604858398438e+01
6.264208221435546875e+01
6.548928070068359375e+01
5.360520172119140625e+01
6.267263412475585938e+01
5.033462524414062500e+01
5.610695266723632812e+01
5.933911514282226562e+01
5.444240951538085938e+01
4.494500350952148438e+01
4.377264785766601562e+01
4.448823165893554688e+01
5.805376815795898438e+01
5.540263366699218750e+01
5.564545822143554688e+01
5.504611968994140625e+01
5.542759323120117188e+01
5.026755523681640625e+01
4.975281906127929688e+01
4.846593856811523438e+01
5.123720932006835938e+01
5.367288970947265625e+01
5.399913406372070312e+01
5.260169601440429688e+01
4.622903442382812500e+01
5.012431716918945312e+01
4.461373901367187500e+01
4.972137451171875000e+01
4.658889389038085938e+01
5.223538208007812500e+01
5.630769348144531250e+01
5.170622253417968750e+01
5.213363647460937500e+01
5.517332839965820312e+01
5.651847839355468750e+01
5.050077819824218750e+01
5.189035797119140625e+01
5.265873718261718750e+01
5.987742233276367188e+01
5.616576385498046875e+01
5.515364456176757812e+01
5.180130767822265625e+01
5.344038772583007812e+01
5.389932632446289062e+01
4.931876373291015625e+01
6.507205963134765625e+01
6.984276580810546875e+01
6.723064422607421875e+01
5.957209014892578125e+01
6.511054229736328125e+01
6.155027008056640625e+01
5.484309768676757812e+01
5.502191925048828125e+01
5.471503448486328125e+01
5.686149215698242188e+01
5.885080337524414062e+01
5.850876617431640625e+01
6.361725616455078125e+01
6.723864746093750000e+01
6.107314682006835938e+01
6.431201934814453125e+01
6.495594787597656250e+01
6.392369842529296875e+01
6.406717681884765625e+01
6.536940765380859375e+01
5.800577926635742188e+01
6.057635498046875000e+01
5.797026824951171875e+01
5.756283950805664062e+01
5.362339782714843750e+01
5.594642639160156250e+01
5.979478836059570312e+01
4.605356979370117188e+01
5.022480392456054688e+01
5.492959594726562500e+01
5.608487701416015625e+01
5.147982025146484375e+01
4.792286682128906250e+01
5.460746383666992188e+01
4.680123519897460938e+01
5.927753067016601562e+01
6.161409378051757812e+01
5.370869445800781250e+01
5.333366012573242188e+01
5.379140090942382812e+01
4.975801849365234375e+01
4.685659027099609375e+01
4.886272430419921875e+01
4.898707580566406250e+01
4.689916610717773438e+01
4.881124496459960938e+01
5.757758712768554688e+01
4.377223587036132812e+01
4.981508636474609375e+01
4.642375564575195312e+01
5.318010711669921875e+01
5.383178710937500000e+01
5.468936538696289062e+01
5.341836166381835938e+01
5.766333389282226562e+01
5.845669555664062500e+01
5.368083953857421875e+01
5.064099502563476562e+01
4.881008148193359375e+01
5.047728729248046875e+01
5.562435531616210938e+01
5.690552520751953125e+01
5.851504516601562500e+01
5.961022949218750000e+01
5.952050399780273438e+01
5.596839523315429688e+01
4.920091247558593750e+01
5.835544967651367188e+01
6.344671249389648438e+01
6.904406738281250000e+01
6.547296142578125000e+01
6.555490875244140625e+01
5.973635864257812500e+01
5.928481292724609375e+01
