-5.997759246826171875e+01
-5.919133377075195312e+01
-5.766937637329101562e+01
-5.723387145996093750e+01
-5.754271316528320312e+01
-5.919068527221679688e+01
-5.958945846557617188e+01
-5.599464416503906250e+01
-5.631612396240234375e+01
-5.862705993652343750e+01
-5.985773468017578125e+01
-5.908436584472656250e+01
-6.210817337036132812e+01
-5.666639328002929688e+01
-5.800418853759765625e+01
-5.970370864868164062e+01
-5.506549072265625000e+01
-5.517843246459960938e+01
-5.954022216796875000e+01
-5.714968109130859375e+01
-5.837753295898437500e+01
-6.084460449218750000e+01
-4.886621856689453125e+01
-5.313546371459960938e+01
-6.054664993286132812e+01
-5.995040893554687500e+01
-6.068341064453125000e+01
-5.619202804565429688e+01
-5.477635574340820312e+01
-5.617642974853515625e+01
-5.855309677124023438e+01
-5.827385711669921875e+01
-5.767906188964843750e+01
-5.688256072998046875e+01
-5.767533493041992188e+01
-5.856798553466796875e+01
-5.817733764648437500e+01
-5.659804534912109375e+01
-5.532212448120117188e+01
-5.652543258666992188e+01
-5.762690734863281250e+01
-5.898368453979492188e+01
-5.559120559692382812e+01
-5.860519409179687500e+01
-6.028940963745117188e+01
-6.223948669433593750e+01
-6.060676193237304688e+01
-6.269052886962890625e+01
-6.298922729492187500e+01
-5.566146850585937500e+01
-5.825375366210937500e+01
-5.977550125122070312e+01
-5.204242706298828125e+01
-5.610965347290039062e+01
-5.724028778076171875e+01
-6.126406478881835938e+01
-5.333313369750976562e+01
-5.604523086547851562e+01
-5.824676132202148438e+01
-6.168961334228515625e+01
-5.530408859252929688e+01
-5.946223449707031250e+01
-5.682060241699218750e+01
-5.497040939331054688e+01
-5.702886199951171875e+01
-5.805053710937500000e+01
-5.917467498779296875e+01
-5.754199981689453125e+01
-5.744813537597656250e+01
-5.823857116699218750e+01
-5.873374176025390625e+01
-5.883639907836914062e+01
-5.673910903930664062e+01
-5.654723739624023438e+01
-6.106537628173828125e+01
-6.109508132934570312e+01
-6.688411712646484375e+01
-6.361574172973632812e+01
-5.559294128417968750e+01
-6.056648635864257812e+01
-6.180987167358398438e+01
-5.346530532836914062e+01
-5.296701049804687500e+01
-5.455699539184570312e+01
-5.633846664428710938e+01
-5.570983123779296875e+01
-5.742992401123046875e+01
-5.153093719482421875e+01
-5.489390945434570312e+01
-5.972639083862304688e+01
-5.943439483642578125e+01
-5.518275833129882812e+01
-5.722571945190429688e+01
-5.600763320922851562e+01
-5.815254592895507812e+01
-5.857190704345703125e+01
-5.919844055175781250e+01
-5.850497817993164062e+01
-5.820172119140625000e+01
-5.933726882934570312e+01
-5.915690612792968750e+01
-5.816001129150390625e+01
-5.639415359497070312e+01
-5.790060806274414062e+01
-5.979088211059570312e+01
-6.243748474121093750e+01
-6.464269256591796875e+01
-5.849005126953125000e+01
-6.295971298217773438e+01
-6.282205963134765625e+01
-5.912155151367187500e+01
-5.743530654907226562e+01
-5.858318710327148438e+01
-6.010875320434570312e+01
-5.683950424194335938e+01
-5.379463195800781250e+01
-5.494149398803710938e+01
-5.513458633422851562e+01
-5.670351791381835938e+01
-6.046844482421875000e+01
-5.979356002807617188e+01
-5.591679763793945312e+01
-5.580535888671875000e+01
-6.001847839355468750e+01
-5.969854354858398438e+01
-5.668345642089843750e+01
-5.734199142456054688e+01
-5.622679901123046875e+01
-5.767168807983398438e+01
-5.871046447753906250e+01
-5.792323684692382812e+01
-5.833450698852539062e+01
-5.889456176757812500e+01
-6.137969207763671875e+01
-6.501173400878906250e+01
-6.068832015991210938e+01
-5.581370162963867188e+01
-5.750404739379882812e+01
-5.849982833862304688e+01
-5.651645278930664062e+01
-5.780975723266601562e+01
-5.947544479370117188e+01
-6.035350036621093750e+01
-5.868324279785156250e+01
-5.988836288452148438e+01
-5.854940032958984375e+01
-5.444391250610351562e+01
-5.070589828491210938e+01
-5.506345748901367188e+01
-5.840810394287109375e+01
-5.378087234497070312e+01
-5.642476272583007812e+01
-5.296548843383789062e+01
-5.333673477172851562e+01
-5.515306091308593750e+01
-5.661971282958984375e+01
-5.217324447631835938e+01
-5.835189819335937500e+01
-5.577511215209960938e+01
-5.976949691772460938e+01
-5.778322982788085938e+01
-5.806779098510742188e+01
-6.022107696533203125e+01
-6.397195053100585938e+01
-6.455132293701171875e+01
-5.916948699951171875e+01
-5.968979644775390625e+01
-5.996184921264648438e+01
-5.671089553833007812e+01
-5.736537933349609375e+01
-5.569611358642578125e+01
-5.833771133422851562e+01
-5.877653121948242188e+01
-6.017545700073242188e+01
-5.962598800659179688e+01
-5.895998382568359375e+01
-5.593870544433593750e+01
-6.085760879516601562e+01
-6.095040893554687500e+01
-5.604100799560546875e+01
-5.073437500000000000e+01
-5.367269897460937500e+01
-5.792930221557617188e+01
-5.720009231567382812e+01
-5.828608322143554688e+01
-5.698239898681640625e+01
-5.397919464111328125e+01
-5.463420486450195312e+01
-5.620711135864257812e+01
-5.884239578247070312e+01
-5.969558715820312500e+01
-6.003575134277343750e+01
-6.332458877563476562e+01
-6.038147354125976562e+01
-5.648915481567382812e+01
-5.790902328491210938e+01
-5.986068725585937500e+01
-5.640483474731445312e+01
-5.976367950439453125e+01
-5.848535919189453125e+01
-5.773164367675781250e+01
-5.632649993896484375e+01
-5.831567001342773438e+01
-5.690370559692382812e+01
-5.758139801025390625e+01
-5.593416213989257812e+01
-5.872217559814453125e+01
-5.959814071655273438e+01
-6.260852813720703125e+01
-5.861609649658203125e+01
-5.815835189819335938e+01
-5.659072494506835938e+01
-5.139806747436523438e+01
-5.426115417480468750e+01
-5.632385253906250000e+01
-5.363669586181640625e+01
-5.858026504516601562e+01
-5.474402618408203125e+01
-5.004918670654296875e+01
-6.122221755981445312e+01
-5.541298675537109375e+01
-6.297395706176757812e+01
-6.364108657836914062e+01
-5.608643341064453125e+01
-5.934932327270507812e+01
-5.987558364868164062e+01
-5.453569030761718750e+01
-5.947536849975585938e+01
-5.781447982788085938e+01
-5.787062835693359375e+01
-5.712289428710937500e+01
-5.944427871704101562e+01
-5.783946990966796875e+01
-5.674800872802734375e+01
-5.599360275268554688e+01
-5.735582351684570312e+01
-5.880355834960937500e+01
-5.854998016357421875e+01
-5.641447067260742188e+01
-5.854238510131835938e+01
-6.024855804443359375e+01
-5.811180496215820312e+01
-5.982690429687500000e+01
-5.936833190917968750e+01
-5.781511306762695312e+01
-5.262612533569335938e+01
-5.545368957519531250e+01
-5.884530258178710938e+01
-5.588636398315429688e+01
-6.064280700683593750e+01
-6.321366119384765625e+01
-5.936906433105468750e+01
-5.406416702270507812e+01
-5.415272903442382812e+01
-5.826181411743164062e+01
-5.661137771606445312e+01
-5.794308471679687500e+01
-5.950031280517578125e+01
-5.814039993286132812e+01
-5.599242782592773438e+01
-5.848316574096679688e+01
-5.965919494628906250e+01
-5.867482376098632812e+01
-5.769400787353515625e+01
-5.794181442260742188e+01
-5.790274429321289062e+01
-5.828664779663085938e+01
-5.823188400268554688e+01
-5.573445510864257812e+01
-5.690613174438476562e+01
-5.877853775024414062e+01
-5.925180816650390625e+01
-5.800737762451171875e+01
-6.139018630981445312e+01
-5.767938232421875000e+01
-5.944177627563476562e+01
-6.034668731689453125e+01
-5.393239974975585938e+01
-5.404101181030273438e+01
-6.075713729858398438e+01
-5.922534942626953125e+01
-5.890572357177734375e+01
-6.032217025756835938e+01
-5.588522338867187500e+01
-5.669860458374023438e+01
-6.082952880859375000e+01
-6.196978759765625000e+01
-6.066883468627929688e+01
-5.616502761840820312e+01
-5.635506439208984375e+01
-5.791688919067382812e+01
-5.847384262084960938e+01
-5.862426376342773438e+01
-5.710217666625976562e+01
-5.732454299926757812e+01
-5.940871429443359375e+01
-5.959310913085937500e+01
-5.728359603881835938e+01
-5.621712493896484375e+01
-5.602110290527343750e+01
-5.809388732910156250e+01
-5.891165161132812500e+01
-5.878289031982421875e+01
-5.510813522338867188e+01
-6.038746643066406250e+01
-6.214973068237304688e+01
-6.244150161743164062e+01
-6.265582656860351562e+01
-6.307402420043945312e+01
-6.080479049682617188e+01
-5.462825775146484375e+01
-5.619613647460937500e+01
-5.588833618164062500e+01
-5.326786422729492188e+01
-5.874049377441406250e+01
-6.072153854370117188e+01
-5.544555664062500000e+01
-5.209019088745117188e+01
-5.709457397460937500e+01
-5.770644378662109375e+01
-6.248966217041015625e+01
-5.623940658569335938e+01
-5.999349212646484375e+01
-5.696283721923828125e+01
-5.633554840087890625e+01
-5.815715408325195312e+01
-5.868236160278320312e+01
-5.813137054443359375e+01
-5.621835327148437500e+01
-5.821262359619140625e+01
-5.887784957885742188e+01
-5.899342346191406250e+01
-5.789333343505859375e+01
-5.610416412353515625e+01
-5.805559158325195312e+01
-6.167555618286132812e+01
-6.150409698486328125e+01
-6.572302246093750000e+01
-6.404786682128906250e+01
-5.714726638793945312e+01
-6.120333099365234375e+01
-6.330890274047851562e+01
-4.995261001586914062e+01
-5.183942031860351562e+01
-5.686794281005859375e+01
-5.730334091186523438e+01
-5.856559371948242188e+01
-5.776536178588867188e+01
-5.558827209472656250e+01
-5.448182678222656250e+01
-5.868730926513671875e+01
-6.043537139892578125e+01
-5.931750106811523438e+01
-5.724288940429687500e+01
-5.610848999023437500e+01
-5.848241043090820312e+01
-5.825355529785156250e+01
-5.776374435424804688e+01
-5.756732177734375000e+01
-5.909117126464843750e+01
-5.997278976440429688e+01
-5.887760925292968750e+01
-5.775588989257812500e+01
-5.688962173461914062e+01
-5.928721618652343750e+01
-6.258910751342773438e+01
-6.269931411743164062e+01
-5.975588989257812500e+01
-5.690174484252929688e+01
-6.146004486083984375e+01
-5.859275817871093750e+01
-6.086194610595703125e+01
-6.018688964843750000e+01
-5.910784149169921875e+01
-6.140392684936523438e+01
-5.439301300048828125e+01
-5.439620971679687500e+01
-5.482705307006835938e+01
-5.375020217895507812e+01
-5.813853836059570312e+01
-5.907308959960937500e+01
-5.198207092285156250e+01
-5.585332489013671875e+01
-5.319951248168945312e+01
-5.983154296875000000e+01
-6.123542785644531250e+01
-5.478784561157226562e+01
-5.682380294799804688e+01
-5.545201110839843750e+01
-5.639551925659179688e+01
-5.866304016113281250e+01
-5.841608047485351562e+01
-5.889858627319335938e+01
-5.855634689331054688e+01
-6.240678405761718750e+01
-6.535665893554687500e+01
-6.218762969970703125e+01
-5.809967422485351562e+01
-5.846015548706054688e+01
-5.983718490600585938e+01
-5.811990356445312500e+01
-5.682779693603515625e+01
-6.146932601928710938e+01
-6.208198928833007812e+01
-5.881537246704101562e+01
-6.048989105224609375e+01
-5.926520538330078125e+01
-5.376057815551757812e+01
-5.301243972778320312e+01
-5.603141403198242188e+01
-5.820638656616210938e+01
-5.495234680175781250e+01
-5.569883728027343750e+01
-5.693431472778320312e+01
-5.806126785278320312e+01
-6.045600128173828125e+01
-5.900447463989257812e+01
-5.353604125976562500e+01
-5.941814041137695312e+01
-5.794250488281250000e+01
-5.938111114501953125e+01
-5.907146453857421875e+01
-6.002038192749023438e+01
-6.461020660400390625e+01
-6.452752685546875000e+01
-5.993890762329101562e+01
-5.843182373046875000e+01
-5.841184616088867188e+01
-5.450809097290039062e+01
-5.941169738769531250e+01
-5.914932250976562500e+01
-5.604360961914062500e+01
-5.805133438110351562e+01
-5.730361938476562500e+01
-6.072351837158203125e+01
-5.876694869995117188e+01
-5.901229476928710938e+01
-5.766828536987304688e+01
-6.140211868286132812e+01
-6.131237411499023438e+01
-5.447217559814453125e+01
-5.114069747924804688e+01
-5.432764816284179688e+01
-5.793368530273437500e+01
-5.727418136596679688e+01
-5.876702499389648438e+01
-5.335353469848632812e+01
-5.609417724609375000e+01
-5.809996795654296875e+01
-6.026012420654296875e+01
-5.901612854003906250e+01
-5.844335556030273438e+01
-6.242096328735351562e+01
-6.417296600341796875e+01
-6.114931869506835938e+01
-5.913760375976562500e+01
-6.032104110717773438e+01
-5.997497558593750000e+01
-5.848986816406250000e+01
-5.912658691406250000e+01
-5.836055374145507812e+01
-5.944366836547851562e+01
-5.855147552490234375e+01
-5.878045272827148438e+01
-5.677846908569335938e+01
-5.761133575439453125e+01
-5.616964721679687500e+01
-6.013464736938476562e+01
-6.117326354980468750e+01
-5.969112014770507812e+01
-5.835083770751953125e+01
-5.901624298095703125e+01
-5.665442276000976562e+01
-5.130813980102539062e+01
-5.408944320678710938e+01
-5.652481842041015625e+01
-5.456430053710937500e+01
-5.822409820556640625e+01
-5.636565017700195312e+01
-5.690681076049804688e+01
-5.540613174438476562e+01
-6.136834335327148438e+01
-5.937306594848632812e+01
-5.805059814453125000e+01
-5.474932861328125000e+01
-5.950928878784179688e+01
-5.551795578002929688e+01
-5.950476074218750000e+01
-5.964018630981445312e+01
-5.730163955688476562e+01
-5.597462081909179688e+01
-5.738851547241210938e+01
-5.843332672119140625e+01
-5.568985366821289062e+01
-5.609554672241210938e+01
-5.668719863891601562e+01
-5.813578414916992188e+01
-5.877670288085937500e+01
-5.622417831420898438e+01
-5.675231170654296875e+01
-5.975173950195312500e+01
-6.041423416137695312e+01
-5.678176879882812500e+01
-5.921485900878906250e+01
-5.915130233764648438e+01
-5.772851943969726562e+01
-5.253157806396484375e+01
-5.530603027343750000e+01
-5.811105346679687500e+01
-5.739010620117187500e+01
-6.386217880249023438e+01
-6.536786651611328125e+01
-5.415129089355468750e+01
-5.352719497680664062e+01
-5.770383453369140625e+01
-5.883895111083984375e+01
-6.006699371337890625e+01
-5.638074493408203125e+01
-5.650484466552734375e+01
-5.750947570800781250e+01
-5.891966629028320312e+01
-5.932643127441406250e+01
-5.725262069702148438e+01
-5.681514739990234375e+01
-5.845063400268554688e+01
-5.943159484863281250e+01
-5.735078430175781250e+01
-5.621976089477539062e+01
-5.626111221313476562e+01
-5.714024353027343750e+01
-5.874718093872070312e+01
-5.756116104125976562e+01
-5.690367126464843750e+01
-5.747578430175781250e+01
-6.280915832519531250e+01
-6.024444961547851562e+01
-5.919298171997070312e+01
-5.775707244873046875e+01
-5.380807495117187500e+01
-5.994547653198242188e+01
-6.053247833251953125e+01
-5.357670211791992188e+01
-5.704079818725585938e+01
-5.549263763427734375e+01
-4.779296493530273438e+01
-6.128382492065429688e+01
-5.689748382568359375e+01
-5.729762268066406250e+01
-5.620005416870117188e+01
-5.625269317626953125e+01
-5.847160339355468750e+01
-5.650633239746093750e+01
-5.580174636840820312e+01
-5.905842590332031250e+01
-5.921688842773437500e+01
-5.853743362426757812e+01
-5.746613311767578125e+01
-5.714406967163085938e+01
-5.747515487670898438e+01
-5.869264984130859375e+01
-5.764804840087890625e+01
-5.674724578857421875e+01
-5.721483993530273438e+01
-5.847818756103515625e+01
-5.888072586059570312e+01
-6.222356414794921875e+01
-6.103782272338867188e+01
-5.849746322631835938e+01
-6.617573547363281250e+01
-6.652185058593750000e+01
-6.103069305419921875e+01
-5.380553436279296875e+01
-5.716937637329101562e+01
-5.779762268066406250e+01
-5.720131683349609375e+01
-6.088790512084960938e+01
-5.915120697021484375e+01
-5.622004699707031250e+01
-5.652063369750976562e+01
-5.716229629516601562e+01
-5.979842376708984375e+01
-5.841666793823242188e+01
-5.602039718627929688e+01
-5.901910018920898438e+01
-5.990223693847656250e+01
-5.797179031372070312e+01
-5.731714630126953125e+01
-5.809157180786132812e+01
-5.934790420532226562e+01
-5.985219573974609375e+01
-5.932431411743164062e+01
-5.637860107421875000e+01
-5.757018280029296875e+01
-5.955343246459960938e+01
-5.932179260253906250e+01
-6.065496444702148438e+01
-6.145772171020507812e+01
-6.361711883544921875e+01
-6.154211044311523438e+01
-6.449806213378906250e+01
-5.938412475585937500e+01
-5.693145751953125000e+01
-5.776332092285156250e+01
-5.530059051513671875e+01
-5.631733322143554688e+01
-5.824051666259765625e+01
-5.335774993896484375e+01
-5.701372909545898438e+01
-5.898311614990234375e+01
-5.637039566040039062e+01
-5.875040054321289062e+01
-5.938556671142578125e+01
-5.927445983886718750e+01
-6.021001815795898438e+01
-5.809625244140625000e+01
-5.599124908447265625e+01
-5.516793823242187500e+01
-5.723761749267578125e+01
-5.911587524414062500e+01
-5.936951446533203125e+01
-5.776286315917968750e+01
-5.702904510498046875e+01
-5.812492370605468750e+01
-5.995931625366210938e+01
-5.986287307739257812e+01
-5.898206329345703125e+01
-6.131863784790039062e+01
-6.236043548583984375e+01
-6.044524002075195312e+01
-5.980243301391601562e+01
-6.410703277587890625e+01
-5.611700439453125000e+01
-5.831517410278320312e+01
-6.228163528442382812e+01
-6.230487060546875000e+01
-6.033679199218750000e+01
-5.196118545532226562e+01
-5.467139053344726562e+01
-5.854571914672851562e+01
-5.593912506103515625e+01
-5.763331604003906250e+01
-5.676025390625000000e+01
-5.218163299560546875e+01
-5.411846923828125000e+01
-5.811893463134765625e+01
-5.806391525268554688e+01
-5.930219650268554688e+01
-5.490794754028320312e+01
-6.019124221801757812e+01
-5.892568969726562500e+01
-5.616545104980468750e+01
-5.622003936767578125e+01
-5.949187088012695312e+01
-6.151153564453125000e+01
-6.289424133300781250e+01
-6.353086090087890625e+01
-5.797785568237304688e+01
-5.878726959228515625e+01
-6.009852218627929688e+01
-5.642036056518554688e+01
-5.583666229248046875e+01
-5.935008239746093750e+01
-5.999019241333007812e+01
-6.328668212890625000e+01
-6.208795166015625000e+01
-5.679545211791992188e+01
-5.733206939697265625e+01
-5.886148452758789062e+01
-5.451136398315429688e+01
-5.405998992919921875e+01
-5.520706939697265625e+01
-5.262020874023437500e+01
-5.635054016113281250e+01
-5.923174285888671875e+01
-5.520093917846679688e+01
-5.316041564941406250e+01
-5.767412567138671875e+01
-5.896833038330078125e+01
-6.079846572875976562e+01
-5.886124038696289062e+01
-5.648628616333007812e+01
-5.751363754272460938e+01
-5.924719238281250000e+01
-6.164253997802734375e+01
-6.574796295166015625e+01
-6.298802566528320312e+01
-5.881707000732421875e+01
-6.052265548706054688e+01
-6.243554687500000000e+01
-5.598783493041992188e+01
-5.774778747558593750e+01
-5.875786972045898438e+01
-5.943078994750976562e+01
-6.161670303344726562e+01
-5.814232635498046875e+01
-6.030227279663085938e+01
-5.997234725952148438e+01
-6.050459671020507812e+01
-6.066604232788085938e+01
-6.027188491821289062e+01
-5.889557266235351562e+01
-5.272485351562500000e+01
-5.502839660644531250e+01
-5.707869338989257812e+01
-5.550774765014648438e+01
-5.676629638671875000e+01
-5.717182922363281250e+01
-5.772527694702148438e+01
-5.555964660644531250e+01
-5.628239059448242188e+01
-6.069047927856445312e+01
-6.297842788696289062e+01
-5.954903793334960938e+01
-6.500384521484375000e+01
-5.897770690917968750e+01
-5.698878097534179688e+01
-5.740067672729492188e+01
-5.615373229980468750e+01
-5.905427932739257812e+01
-5.973812103271484375e+01
-5.872001647949218750e+01
-6.038086700439453125e+01
-5.809869003295898438e+01
-5.973734664916992188e+01
-5.832110214233398438e+01
-5.611642837524414062e+01
-5.928900527954101562e+01
-5.849617385864257812e+01
-6.277142715454101562e+01
-6.073463058471679688e+01
-5.512397384643554688e+01
-5.851602172851562500e+01
-6.033774185180664062e+01
-5.655664062500000000e+01
-5.189725112915039062e+01
-5.389088821411132812e+01
-5.602053451538085938e+01
-5.661326217651367188e+01
-5.877650451660156250e+01
-5.603927993774414062e+01
-5.663967895507812500e+01
-6.189417266845703125e+01
-6.612764739990234375e+01
-6.049988937377929688e+01
-5.903444671630859375e+01
-5.843049240112304688e+01
-5.898212814331054688e+01
-5.722664260864257812e+01
-5.999045944213867188e+01
-6.175141143798828125e+01
-5.961819458007812500e+01
-6.094147491455078125e+01
-5.893029785156250000e+01
-5.933340454101562500e+01
-5.634702682495117188e+01
-5.698255920410156250e+01
-5.814054489135742188e+01
-5.873177337646484375e+01
-5.986958694458007812e+01
-5.653664779663085938e+01
-5.900926208496093750e+01
-5.915156936645507812e+01
-6.169126510620117188e+01
-5.822923660278320312e+01
-5.984109115600585938e+01
-5.944099426269531250e+01
-5.527183151245117188e+01
-5.442170333862304688e+01
-5.615723419189453125e+01
-5.770695877075195312e+01
-6.080170822143554688e+01
-6.490703582763671875e+01
-6.033442306518554688e+01
-5.779174041748046875e+01
-5.658740234375000000e+01
-5.624540328979492188e+01
-5.921873092651367188e+01
-6.008754348754882812e+01
-5.881886291503906250e+01
-5.741382598876953125e+01
-5.588041687011718750e+01
-5.853470230102539062e+01
-5.986415863037109375e+01
-5.780612564086914062e+01
-5.710042953491210938e+01
-5.854592895507812500e+01
-6.025106048583984375e+01
-5.789523315429687500e+01
-5.712358093261718750e+01
-5.604894256591796875e+01
-5.677472305297851562e+01
-5.979534912109375000e+01
-5.752207946777343750e+01
-5.844392013549804688e+01
-5.967900466918945312e+01
-5.997503662109375000e+01
-6.220461654663085938e+01
-6.116722106933593750e+01
-5.718457412719726562e+01
-5.341472625732421875e+01
-6.130894851684570312e+01
-6.330358123779296875e+01
-5.700141906738281250e+01
-5.869503402709960938e+01
-5.618051528930664062e+01
-5.383118820190429688e+01
-5.546458435058593750e+01
-5.989278793334960938e+01
-5.601993942260742188e+01
-5.979697418212890625e+01
-5.636383438110351562e+01
-6.081584930419921875e+01
-5.817514801025390625e+01
-5.749011230468750000e+01
-5.885395812988281250e+01
-6.019280624389648438e+01
-5.963716888427734375e+01
-5.748188400268554688e+01
-5.685754394531250000e+01
-5.630960083007812500e+01
-5.884373855590820312e+01
-5.882509231567382812e+01
-5.706329727172851562e+01
-5.752433776855468750e+01
-5.713483047485351562e+01
-6.025311660766601562e+01
-6.238538360595703125e+01
-6.222192382812500000e+01
-6.044203948974609375e+01
-6.520022583007812500e+01
-6.284846496582031250e+01
-6.066744995117187500e+01
-5.222235870361328125e+01
-5.047214889526367188e+01
-5.778258132934570312e+01
-5.945203018188476562e+01
-5.994816970825195312e+01
-5.867565536499023438e+01
-5.078420257568359375e+01
-5.325269699096679688e+01
-5.581690979003906250e+01
-6.003359222412109375e+01
-5.802651977539062500e+01
-5.574464416503906250e+01
-5.789992523193359375e+01
-5.905648803710937500e+01
-5.821400451660156250e+01
-5.756359863281250000e+01
-5.845920562744140625e+01
-5.988927841186523438e+01
-6.006601715087890625e+01
-5.924581909179687500e+01
-5.606754302978515625e+01
-5.738716125488281250e+01
-5.997097396850585938e+01
-6.006028747558593750e+01
-6.058967971801757812e+01
-6.066712188720703125e+01
-6.448236083984375000e+01
-6.358733367919921875e+01
-6.620245361328125000e+01
-6.075566101074218750e+01
-6.024248123168945312e+01
-5.560753631591796875e+01
-5.407659912109375000e+01
-5.701128387451171875e+01
-5.923041915893554688e+01
-5.409519577026367188e+01
-5.763182449340820312e+01
-5.916859817504882812e+01
-5.804475021362304688e+01
-5.759960174560546875e+01
-5.802338790893554688e+01
-5.991459655761718750e+01
-6.011902618408203125e+01
-5.797475433349609375e+01
-5.590055847167968750e+01
-5.555044555664062500e+01
-5.818060302734375000e+01
-5.951985549926757812e+01
-5.937036132812500000e+01
-5.803527069091796875e+01
-5.716312026977539062e+01
-5.926263046264648438e+01
-6.098470306396484375e+01
-6.053593826293945312e+01
-6.205894088745117188e+01
-6.080453109741210938e+01
-6.000844573974609375e+01
-6.179541397094726562e+01
-5.878351211547851562e+01
-5.805595397949218750e+01
-5.974753189086914062e+01
-6.113299560546875000e+01
-6.031481933593750000e+01
-6.169863128662109375e+01
-5.784061050415039062e+01
-5.234216690063476562e+01
-5.613456726074218750e+01
-5.766516876220703125e+01
-5.580347061157226562e+01
-5.681536483764648438e+01
-5.779560089111328125e+01
-5.490668106079101562e+01
-5.249224853515625000e+01
-5.864353179931640625e+01
-5.777891921997070312e+01
-6.096006774902343750e+01
-5.576991653442382812e+01
-6.041930007934570312e+01
-5.757622146606445312e+01
-5.567108917236328125e+01
-5.742930221557617188e+01
-6.042317962646484375e+01
-6.119523239135742188e+01
-6.149238586425781250e+01
-6.362583541870117188e+01
-6.118383789062500000e+01
-6.137750244140625000e+01
-6.129137420654296875e+01
-5.701929855346679688e+01
-5.455670166015625000e+01
-5.932612228393554688e+01
-6.085292816162109375e+01
-6.473575592041015625e+01
-6.117790985107421875e+01
-5.511878585815429688e+01
-5.825261306762695312e+01
-5.962478637695312500e+01
-5.622767257690429688e+01
-5.271255111694335938e+01
-5.459759140014648438e+01
-5.476808929443359375e+01
-5.686036682128906250e+01
-5.840489959716796875e+01
-5.182507705688476562e+01
-5.495015335083007812e+01
-5.863166809082031250e+01
-5.920913314819335938e+01
-5.789933776855468750e+01
-5.784587860107421875e+01
-5.663892364501953125e+01
-5.848232650756835938e+01
-6.076520919799804688e+01
-6.449739837646484375e+01
-6.435471343994140625e+01
-5.898825836181640625e+01
-6.001007080078125000e+01
-5.971534729003906250e+01
-5.615925979614257812e+01
-5.762696838378906250e+01
-5.820178985595703125e+01
-5.657284164428710938e+01
-5.800989151000976562e+01
-5.926149368286132812e+01
-5.720157241821289062e+01
-5.947571182250976562e+01
-5.824961090087890625e+01
-6.147787857055664062e+01
-5.935226058959960938e+01
-6.070254898071289062e+01
-5.873420333862304688e+01
-5.347218704223632812e+01
-5.346443939208984375e+01
-5.624071121215820312e+01
-5.675352096557617188e+01
-5.602522277832031250e+01
-5.869563293457031250e+01
-5.879708480834960938e+01
-5.714228820800781250e+01
-5.801805114746093750e+01
-6.061820983886718750e+01
-5.921705627441406250e+01
-6.067717361450195312e+01
-6.533104705810546875e+01
-6.157839584350585938e+01
-5.898726272583007812e+01
-5.842860031127929688e+01
-5.772846603393554688e+01
-5.818116378784179688e+01
-5.876264572143554688e+01
-5.928494262695312500e+01
-5.998965454101562500e+01
-5.785655212402343750e+01
-5.895016098022460938e+01
-5.866551971435546875e+01
-5.602787780761718750e+01
-5.769529724121093750e+01
-5.694379806518554688e+01
-6.059004211425781250e+01
-6.137824630737304688e+01
-5.951969146728515625e+01
-5.892111968994140625e+01
-5.927968978881835938e+01
-5.722911834716796875e+01
-5.202427291870117188e+01
-5.515483856201171875e+01
-5.684167480468750000e+01
-5.439998245239257812e+01
-5.954302978515625000e+01
