1.445539398193359375e+02
1.434994354248046875e+02
1.455069427490234375e+02
1.426150665283203125e+02
1.449858093261718750e+02
1.419416046142578125e+02
1.466898803710937500e+02
1.450361938476562500e+02
1.462258148193359375e+02
1.455139312744140625e+02
1.435624542236328125e+02
1.395347290039062500e+02
1.418463897705078125e+02
1.405222625732421875e+02
1.387981719970703125e+02
1.411755523681640625e+02
1.491316833496093750e+02
1.339141998291015625e+02
1.367028503417968750e+02
1.311879119873046875e+02
1.393195495605468750e+02
1.416570281982421875e+02
1.432119903564453125e+02
1.451984558105468750e+02
1.439247131347656250e+02
1.465184936523437500e+02
1.471255493164062500e+02
1.440264892578125000e+02
1.457940979003906250e+02
1.453790740966796875e+02
1.478118438720703125e+02
1.458795928955078125e+02
1.470655517578125000e+02
1.452646636962890625e+02
1.474399108886718750e+02
1.488865509033203125e+02
1.486118927001953125e+02
1.469081573486328125e+02
1.485003356933593750e+02
1.476056060791015625e+02
1.465191955566406250e+02
1.343453979492187500e+02
1.372411346435546875e+02
1.386452789306640625e+02
1.403327331542968750e+02
1.407352752685546875e+02
1.411969451904296875e+02
1.428474731445312500e+02
1.404491577148437500e+02
1.459891204833984375e+02
1.467258758544921875e+02
1.483636474609375000e+02
1.463722076416015625e+02
1.496589202880859375e+02
1.460799255371093750e+02
1.460032196044921875e+02
1.425764617919921875e+02
1.458271179199218750e+02
1.435129241943359375e+02
1.432976074218750000e+02
1.391254882812500000e+02
1.347162933349609375e+02
1.353058013916015625e+02
1.440042724609375000e+02
1.298149414062500000e+02
1.301221160888671875e+02
1.268919677734375000e+02
1.355543060302734375e+02
1.389881134033203125e+02
1.409046630859375000e+02
1.443255310058593750e+02
1.412682647705078125e+02
1.451126403808593750e+02
1.471574707031250000e+02
1.456361999511718750e+02
1.494653015136718750e+02
1.497018127441406250e+02
1.510535736083984375e+02
1.470309906005859375e+02
1.449668731689453125e+02
1.427569122314453125e+02
1.457715911865234375e+02
1.465669097900390625e+02
1.512492065429687500e+02
1.526389770507812500e+02
1.514723358154296875e+02
1.504662780761718750e+02
1.503247680664062500e+02
1.336530151367187500e+02
1.366069641113281250e+02
1.359500579833984375e+02
1.440010528564453125e+02
1.472384490966796875e+02
1.461253509521484375e+02
1.460310211181640625e+02
1.420308685302734375e+02
1.462009582519531250e+02
1.428318023681640625e+02
1.476263732910156250e+02
1.463078613281250000e+02
1.506140136718750000e+02
1.451988372802734375e+02
1.464164428710937500e+02
1.458852386474609375e+02
1.471332244873046875e+02
1.450861968994140625e+02
1.471519927978515625e+02
1.458900299072265625e+02
1.427865753173828125e+02
1.441218872070312500e+02
1.504464263916015625e+02
1.357306365966796875e+02
1.341131286621093750e+02
1.292519073486328125e+02
1.376114959716796875e+02
1.402630920410156250e+02
1.402796783447265625e+02
1.461475982666015625e+02
1.475117492675781250e+02
1.486056671142578125e+02
1.484570312500000000e+02
1.494210968017578125e+02
1.521802215576171875e+02
1.482682952880859375e+02
1.492975311279296875e+02
1.471673278808593750e+02
1.460108642578125000e+02
1.418731384277343750e+02
1.417575531005859375e+02
1.433719940185546875e+02
1.445196380615234375e+02
1.434759979248046875e+02
1.471604461669921875e+02
1.458226776123046875e+02
1.438517761230468750e+02
1.304639282226562500e+02
1.327807159423828125e+02
1.333615417480468750e+02
1.390659790039062500e+02
1.430497283935546875e+02
1.465187683105468750e+02
1.471854095458984375e+02
1.465335998535156250e+02
1.475067596435546875e+02
1.427696685791015625e+02
1.479726104736328125e+02
1.461296386718750000e+02
1.480887756347656250e+02
1.425935821533203125e+02
1.451422729492187500e+02
1.462666931152343750e+02
1.499711761474609375e+02
1.491137695312500000e+02
1.486507415771484375e+02
1.447036895751953125e+02
1.444158172607421875e+02
1.458991546630859375e+02
1.524233398437500000e+02
1.354829406738281250e+02
1.334654541015625000e+02
1.284389801025390625e+02
1.360998535156250000e+02
1.377588806152343750e+02
1.397669067382812500e+02
1.422932128906250000e+02
1.425613250732421875e+02
1.464547729492187500e+02
1.471869812011718750e+02
1.465568389892578125e+02
1.484344329833984375e+02
1.479579620361328125e+02
1.496022491455078125e+02
1.476829986572265625e+02
1.479828338623046875e+02
1.481929016113281250e+02
1.506652526855468750e+02
1.509509277343750000e+02
1.487714996337890625e+02
1.461274261474609375e+02
1.491113739013671875e+02
1.487761535644531250e+02
1.448545989990234375e+02
1.299549407958984375e+02
1.323750457763671875e+02
1.351440582275390625e+02
1.406634826660156250e+02
1.436568298339843750e+02
1.480793762207031250e+02
1.447377777099609375e+02
1.448928985595703125e+02
1.482206268310546875e+02
1.444227600097656250e+02
1.448067779541015625e+02
1.403188629150390625e+02
1.439781799316406250e+02
1.386935272216796875e+02
1.408577575683593750e+02
1.384364013671875000e+02
1.411494598388671875e+02
1.410543365478515625e+02
1.419591674804687500e+02
1.395176544189453125e+02
1.381229400634765625e+02
1.390183410644531250e+02
1.443402709960937500e+02
1.301259613037109375e+02
1.322337646484375000e+02
1.272169036865234375e+02
1.383334960937500000e+02
1.423913574218750000e+02
1.419446258544921875e+02
1.433312835693359375e+02
1.410373382568359375e+02
1.454392700195312500e+02
1.475301208496093750e+02
1.452693481445312500e+02
1.492289123535156250e+02
1.501146545410156250e+02
1.518622741699218750e+02
1.472183380126953125e+02
1.486381683349609375e+02
1.506384277343750000e+02
1.509394683837890625e+02
1.526008300781250000e+02
1.551964111328125000e+02
1.510362243652343750e+02
1.492194671630859375e+02
1.451251983642578125e+02
1.373477935791015625e+02
1.301938018798828125e+02
1.300151977539062500e+02
1.325820159912109375e+02
1.396270141601562500e+02
1.417694854736328125e+02
1.452761535644531250e+02
1.463037414550781250e+02
1.460779418945312500e+02
1.478326416015625000e+02
1.441669006347656250e+02
1.470639038085937500e+02
1.446521453857421875e+02
1.500046386718750000e+02
1.464918212890625000e+02
1.483279418945312500e+02
1.436408538818359375e+02
1.441292419433593750e+02
1.447703857421875000e+02
1.451985931396484375e+02
1.444519958496093750e+02
1.421717834472656250e+02
1.427096405029296875e+02
1.500180053710937500e+02
1.311495513916015625e+02
1.318985748291015625e+02
1.274477233886718750e+02
1.408367004394531250e+02
1.429469757080078125e+02
1.438348541259765625e+02
1.447435150146484375e+02
1.426412658691406250e+02
1.436289062500000000e+02
1.414895935058593750e+02
1.414928436279296875e+02
1.433385772705078125e+02
1.441011962890625000e+02
1.454850311279296875e+02
1.440509643554687500e+02
1.435819854736328125e+02
1.421000976562500000e+02
1.472528533935546875e+02
1.464213256835937500e+02
1.487847595214843750e+02
1.450196228027343750e+02
1.487176971435546875e+02
1.479574584960937500e+02
1.433285369873046875e+02
1.342384643554687500e+02
1.317068786621093750e+02
1.360171813964843750e+02
1.416987915039062500e+02
1.423558349609375000e+02
1.445110473632812500e+02
1.455317382812500000e+02
1.490087127685546875e+02
1.514086761474609375e+02
1.463802032470703125e+02
1.481873931884765625e+02
1.439142913818359375e+02
1.519180908203125000e+02
1.512944335937500000e+02
1.523357696533203125e+02
1.491134338378906250e+02
1.483078460693359375e+02
1.466408386230468750e+02
1.430274200439453125e+02
1.404914703369140625e+02
1.389246215820312500e+02
1.397732849121093750e+02
1.463837890625000000e+02
1.266207962036132812e+02
1.315467071533203125e+02
1.264621276855468750e+02
1.381873474121093750e+02
1.435065612792968750e+02
1.430398406982421875e+02
1.458503112792968750e+02
1.462559967041015625e+02
1.492385406494140625e+02
1.496418151855468750e+02
1.489419097900390625e+02
1.473430023193359375e+02
1.488584289550781250e+02
1.496277770996093750e+02
1.488671264648437500e+02
1.477742309570312500e+02
1.451566162109375000e+02
1.525453033447265625e+02
1.530456085205078125e+02
1.538931732177734375e+02
1.468786926269531250e+02
1.484419708251953125e+02
1.494284820556640625e+02
1.399399261474609375e+02
1.356153564453125000e+02
1.344706115722656250e+02
1.365397491455078125e+02
1.425324554443359375e+02
1.400212860107421875e+02
1.434134521484375000e+02
1.420180664062500000e+02
1.421494445800781250e+02
1.441343994140625000e+02
1.414475402832031250e+02
1.423362731933593750e+02
1.375442810058593750e+02
1.442035522460937500e+02
1.422893676757812500e+02
1.436264801025390625e+02
1.435299224853515625e+02
1.423415374755859375e+02
1.439998474121093750e+02
1.428851470947265625e+02
1.465335083007812500e+02
1.416077270507812500e+02
1.421622924804687500e+02
1.499804992675781250e+02
1.266504135131835938e+02
1.318737487792968750e+02
1.276343688964843750e+02
1.403308258056640625e+02
1.463768615722656250e+02
1.467066192626953125e+02
1.454584655761718750e+02
1.452342529296875000e+02
1.486289215087890625e+02
1.491938934326171875e+02
1.492683715820312500e+02
1.540363616943359375e+02
1.552573547363281250e+02
1.498498840332031250e+02
1.478923645019531250e+02
1.461030120849609375e+02
1.439751739501953125e+02
1.459835205078125000e+02
1.450605468750000000e+02
1.476531219482421875e+02
1.434373321533203125e+02
1.431369934082031250e+02
1.440026245117187500e+02
1.329645843505859375e+02
1.334202880859375000e+02
1.304858398437500000e+02
1.384795684814453125e+02
1.441151428222656250e+02
1.445477600097656250e+02
1.489153137207031250e+02
1.468810729980468750e+02
1.444908447265625000e+02
1.448746185302734375e+02
1.451710968017578125e+02
1.465561218261718750e+02
1.434101104736328125e+02
1.469089050292968750e+02
1.457282867431640625e+02
1.495269470214843750e+02
1.491099548339843750e+02
1.444248199462890625e+02
1.459770660400390625e+02
1.426913604736328125e+02
1.451337890625000000e+02
1.399648895263671875e+02
1.458365020751953125e+02
1.528462829589843750e+02
1.239605712890625000e+02
1.289433441162109375e+02
1.246486892700195312e+02
1.358159942626953125e+02
1.377897033691406250e+02
1.378217163085937500e+02
1.399434967041015625e+02
1.404092864990234375e+02
1.433059387207031250e+02
1.417099456787109375e+02
1.428225402832031250e+02
1.437799682617187500e+02
1.467605743408203125e+02
1.469810485839843750e+02
1.460554809570312500e+02
1.473631896972656250e+02
1.454997711181640625e+02
1.469396667480468750e+02
1.491026306152343750e+02
1.456736145019531250e+02
1.432125549316406250e+02
1.432705688476562500e+02
1.468819122314453125e+02
1.367585601806640625e+02
1.383006896972656250e+02
1.333464660644531250e+02
1.421717071533203125e+02
1.453065338134765625e+02
1.449712982177734375e+02
1.474158477783203125e+02
1.456093292236328125e+02
1.468823699951171875e+02
1.480376892089843750e+02
1.482227630615234375e+02
1.461051788330078125e+02
1.420100402832031250e+02
1.468523406982421875e+02
1.426997985839843750e+02
1.431729431152343750e+02
1.441207122802734375e+02
1.410488128662109375e+02
1.419394989013671875e+02
1.404254913330078125e+02
1.410143585205078125e+02
1.397916870117187500e+02
1.467339935302734375e+02
1.523244934082031250e+02
1.272312088012695312e+02
1.338507232666015625e+02
1.327985992431640625e+02
1.404194030761718750e+02
1.407043914794921875e+02
1.422252044677734375e+02
1.422365112304687500e+02
1.440110168457031250e+02
1.489773254394531250e+02
1.475896453857421875e+02
1.506907501220703125e+02
1.516951751708984375e+02
1.522075805664062500e+02
1.506923828125000000e+02
1.536894836425781250e+02
1.494446258544921875e+02
1.471144561767578125e+02
1.487989501953125000e+02
1.486910400390625000e+02
1.460567932128906250e+02
1.452250823974609375e+02
1.413822937011718750e+02
1.440466156005859375e+02
1.299740753173828125e+02
1.343597717285156250e+02
1.275239486694335938e+02
1.355370788574218750e+02
1.399073944091796875e+02
1.420785980224609375e+02
1.460863494873046875e+02
1.424813995361328125e+02
1.441441955566406250e+02
1.425486755371093750e+02
1.448871765136718750e+02
1.465677490234375000e+02
1.465607604980468750e+02
1.469134368896484375e+02
1.439836730957031250e+02
1.445790710449218750e+02
1.453159332275390625e+02
1.437915954589843750e+02
1.429604797363281250e+02
1.461659393310546875e+02
1.463235168457031250e+02
1.477872161865234375e+02
1.524187011718750000e+02
1.555448760986328125e+02
1.295379638671875000e+02
1.357480163574218750e+02
1.358653717041015625e+02
1.426214752197265625e+02
1.426882324218750000e+02
1.458037261962890625e+02
1.444996185302734375e+02
1.462683715820312500e+02
1.486126556396484375e+02
1.437414703369140625e+02
1.473671569824218750e+02
1.457945251464843750e+02
1.505669097900390625e+02
1.463813781738281250e+02
1.466529388427734375e+02
1.453988647460937500e+02
1.452128448486328125e+02
1.474895324707031250e+02
1.471487426757812500e+02
1.479913024902343750e+02
1.490528259277343750e+02
1.458457794189453125e+02
1.514018249511718750e+02
1.298236236572265625e+02
1.367151794433593750e+02
1.309256286621093750e+02
1.403867340087890625e+02
1.442672576904296875e+02
1.443609466552734375e+02
1.493692169189453125e+02
1.485121307373046875e+02
1.502304840087890625e+02
1.462890014648437500e+02
1.502803039550781250e+02
1.493364105224609375e+02
1.516310882568359375e+02
1.495660400390625000e+02
1.462322540283203125e+02
1.427336273193359375e+02
1.422380065917968750e+02
1.406359252929687500e+02
1.395929565429687500e+02
1.454299163818359375e+02
1.385167388916015625e+02
1.429229125976562500e+02
1.491524810791015625e+02
1.480384063720703125e+02
1.243789596557617188e+02
1.254009094238281250e+02
1.310393981933593750e+02
1.359493713378906250e+02
1.358343963623046875e+02
1.420208740234375000e+02
1.402756042480468750e+02
1.451948242187500000e+02
1.480617218017578125e+02
1.432583007812500000e+02
1.471244506835937500e+02
1.441774444580078125e+02
1.473755187988281250e+02
1.455955657958984375e+02
1.486786346435546875e+02
1.495568237304687500e+02
1.493994598388671875e+02
1.526804656982421875e+02
1.498850402832031250e+02
1.497404632568359375e+02
1.514898834228515625e+02
1.499035949707031250e+02
1.563346099853515625e+02
1.355090484619140625e+02
1.378070526123046875e+02
1.300025177001953125e+02
1.383807067871093750e+02
1.408268432617187500e+02
1.440519409179687500e+02
1.490444488525390625e+02
1.439483184814453125e+02
1.481023254394531250e+02
1.441355133056640625e+02
1.463041229248046875e+02
1.435023193359375000e+02
1.459750823974609375e+02
1.440321655273437500e+02
1.428023681640625000e+02
1.436541137695312500e+02
1.436016540527343750e+02
1.442821807861328125e+02
1.423847808837890625e+02
1.451831207275390625e+02
1.392886199951171875e+02
1.419477539062500000e+02
1.488690185546875000e+02
1.427387084960937500e+02
1.294184875488281250e+02
1.280861053466796875e+02
1.362682189941406250e+02
1.421119537353515625e+02
1.423506164550781250e+02
1.456313934326171875e+02
1.424748687744140625e+02
1.477572326660156250e+02
1.500641784667968750e+02
1.483148040771484375e+02
1.517361907958984375e+02
1.460748138427734375e+02
1.442540893554687500e+02
1.402239837646484375e+02
1.417665557861328125e+02
1.436397552490234375e+02
1.453673248291015625e+02
1.486700897216796875e+02
1.450093688964843750e+02
1.442644958496093750e+02
1.470090484619140625e+02
1.456777496337890625e+02
1.439990692138671875e+02
1.268041687011718750e+02
1.327072601318359375e+02
1.297274169921875000e+02
1.363770751953125000e+02
1.429785461425781250e+02
1.430242004394531250e+02
1.439854888916015625e+02
1.434026031494140625e+02
1.453223419189453125e+02
1.425687866210937500e+02
1.449492340087890625e+02
1.451064758300781250e+02
1.513789215087890625e+02
1.486919860839843750e+02
1.472849731445312500e+02
1.464783020019531250e+02
1.488431091308593750e+02
1.476402587890625000e+02
1.473299407958984375e+02
1.479875335693359375e+02
1.446515502929687500e+02
1.455868682861328125e+02
1.460568084716796875e+02
1.315593261718750000e+02
1.281437988281250000e+02
1.254080276489257812e+02
1.359642333984375000e+02
1.420150299072265625e+02
1.419447174072265625e+02
1.433865509033203125e+02
1.420421295166015625e+02
1.465769195556640625e+02
1.463895263671875000e+02
1.427408294677734375e+02
1.460943603515625000e+02
1.469402618408203125e+02
1.491746978759765625e+02
1.459271545410156250e+02
1.468074645996093750e+02
1.426645507812500000e+02
1.459615783691406250e+02
1.492790985107421875e+02
1.489599914550781250e+02
1.471606140136718750e+02
1.495013885498046875e+02
1.505850372314453125e+02
1.511250610351562500e+02
1.356815948486328125e+02
1.363613891601562500e+02
1.371105041503906250e+02
1.437365264892578125e+02
1.466667327880859375e+02
1.482877655029296875e+02
1.476737060546875000e+02
1.470805816650390625e+02
1.493908691406250000e+02
1.429876403808593750e+02
1.414958648681640625e+02
1.388285064697265625e+02
1.451884307861328125e+02
1.420799407958984375e+02
1.455393829345703125e+02
1.453654937744140625e+02
1.427631835937500000e+02
1.433371429443359375e+02
1.442182922363281250e+02
1.411212463378906250e+02
1.368406677246093750e+02
1.383560028076171875e+02
1.460113220214843750e+02
1.304518585205078125e+02
1.302259674072265625e+02
1.235529022216796875e+02
1.336089172363281250e+02
1.392533721923828125e+02
1.408938140869140625e+02
1.415317382812500000e+02
1.423899993896484375e+02
1.497625579833984375e+02
1.498881683349609375e+02
1.489023437500000000e+02
1.499073028564453125e+02
1.511225891113281250e+02
1.534050598144531250e+02
1.515865478515625000e+02
1.517279205322265625e+02
1.499339294433593750e+02
1.524646606445312500e+02
1.518800506591796875e+02
1.526302032470703125e+02
1.439566345214843750e+02
1.449325103759765625e+02
1.427052459716796875e+02
1.398260955810546875e+02
1.335200805664062500e+02
1.350818634033203125e+02
1.376761474609375000e+02
1.406481628417968750e+02
1.435137634277343750e+02
1.474116363525390625e+02
1.464464721679687500e+02
1.450653839111328125e+02
1.466824645996093750e+02
1.453859252929687500e+02
1.464461822509765625e+02
1.419105987548828125e+02
1.448181915283203125e+02
1.427620849609375000e+02
1.451599731445312500e+02
1.439559173583984375e+02
1.435716094970703125e+02
1.442807617187500000e+02
1.462021026611328125e+02
1.472175598144531250e+02
1.423115081787109375e+02
1.428465423583984375e+02
1.514684143066406250e+02
1.306665191650390625e+02
1.334991302490234375e+02
1.291189880371093750e+02
1.386654205322265625e+02
1.425105285644531250e+02
1.421629333496093750e+02
1.437652282714843750e+02
1.426848144531250000e+02
1.426689147949218750e+02
1.410585937500000000e+02
1.423392028808593750e+02
1.418567047119140625e+02
1.454483795166015625e+02
1.485802459716796875e+02
1.459691925048828125e+02
1.452282562255859375e+02
1.434570922851562500e+02
1.484707183837890625e+02
1.470271606445312500e+02
1.476791381835937500e+02
1.461401672363281250e+02
1.467271881103515625e+02
1.428090362548828125e+02
1.341229705810546875e+02
1.307813568115234375e+02
1.293404846191406250e+02
1.349842071533203125e+02
1.423037719726562500e+02
1.442529144287109375e+02
1.495588073730468750e+02
1.460715179443359375e+02
1.468104095458984375e+02
1.498306579589843750e+02
1.485887451171875000e+02
1.496175384521484375e+02
1.472777252197265625e+02
1.519957580566406250e+02
1.467728729248046875e+02
1.468175811767578125e+02
1.456042785644531250e+02
1.418995666503906250e+02
1.428543853759765625e+02
1.378900756835937500e+02
1.420469055175781250e+02
1.397845001220703125e+02
1.413831939697265625e+02
1.485619049072265625e+02
1.285702667236328125e+02
1.322213287353515625e+02
1.267888183593750000e+02
1.375107727050781250e+02
1.434386291503906250e+02
1.416769714355468750e+02
1.420899658203125000e+02
1.427007598876953125e+02
1.446274871826171875e+02
1.413793640136718750e+02
1.424432220458984375e+02
1.448695831298828125e+02
1.454602661132812500e+02
1.461403350830078125e+02
1.481866912841796875e+02
1.490847167968750000e+02
1.479836578369140625e+02
1.508822021484375000e+02
1.504263916015625000e+02
1.512393188476562500e+02
1.473992462158203125e+02
1.481759490966796875e+02
1.489794616699218750e+02
1.377341003417968750e+02
1.355503845214843750e+02
1.286648712158203125e+02
1.362767486572265625e+02
1.428847351074218750e+02
1.429941558837890625e+02
1.478922729492187500e+02
1.421414337158203125e+02
1.421964263916015625e+02
1.424835052490234375e+02
1.432506866455078125e+02
1.464312286376953125e+02
1.453607635498046875e+02
1.455449676513671875e+02
1.438884887695312500e+02
1.457241516113281250e+02
1.475488281250000000e+02
1.419413452148437500e+02
1.419734649658203125e+02
1.405950469970703125e+02
1.416873474121093750e+02
1.384112243652343750e+02
1.438365020751953125e+02
1.483673706054687500e+02
1.260407638549804688e+02
1.340367584228515625e+02
1.323921051025390625e+02
1.413685455322265625e+02
1.448564147949218750e+02
1.430888366699218750e+02
1.443005218505859375e+02
1.475169677734375000e+02
1.526403045654296875e+02
1.500635375976562500e+02
1.497956237792968750e+02
1.474857025146484375e+02
1.466223602294921875e+02
1.461442108154296875e+02
1.457360687255859375e+02
1.466272277832031250e+02
1.448002471923828125e+02
1.466792907714843750e+02
1.450823669433593750e+02
1.447648773193359375e+02
1.442392578125000000e+02
1.458257751464843750e+02
1.483689575195312500e+02
1.318972015380859375e+02
1.365101928710937500e+02
1.316461944580078125e+02
1.394511871337890625e+02
1.433354797363281250e+02
1.391983795166015625e+02
1.469287109375000000e+02
1.424528961181640625e+02
1.434543457031250000e+02
1.429777221679687500e+02
1.431417236328125000e+02
1.473480529785156250e+02
1.484843444824218750e+02
1.495037841796875000e+02
1.460668487548828125e+02
1.485545349121093750e+02
1.494883575439453125e+02
1.452527008056640625e+02
1.464083099365234375e+02
1.456335144042968750e+02
1.443891906738281250e+02
1.429576110839843750e+02
1.475395050048828125e+02
1.492006225585937500e+02
1.268166427612304688e+02
1.321141662597656250e+02
1.321439971923828125e+02
1.398942718505859375e+02
1.386115112304687500e+02
1.379884490966796875e+02
1.398628692626953125e+02
1.403177185058593750e+02
1.458096923828125000e+02
1.461234283447265625e+02
1.470012512207031250e+02
1.468088531494140625e+02
1.510211944580078125e+02
1.477253417968750000e+02
1.437810974121093750e+02
1.427545471191406250e+02
1.447474060058593750e+02
1.465813598632812500e+02
1.454058227539062500e+02
1.434419708251953125e+02
1.463780059814453125e+02
1.449601593017578125e+02
1.484358520507812500e+02
1.335359039306640625e+02
1.367227630615234375e+02
1.314494628906250000e+02
1.413260650634765625e+02
1.463431091308593750e+02
1.491472320556640625e+02
1.517751464843750000e+02
1.460266113281250000e+02
1.466725921630859375e+02
1.429650115966796875e+02
1.437567596435546875e+02
1.443999023437500000e+02
1.464216308593750000e+02
1.486468200683593750e+02
1.446374816894531250e+02
1.416277770996093750e+02
1.417206726074218750e+02
1.429397888183593750e+02
1.408688354492187500e+02
1.429117584228515625e+02
1.444855804443359375e+02
1.432389526367187500e+02
1.504911956787109375e+02
1.542892150878906250e+02
1.272945098876953125e+02
1.255224304199218750e+02
1.271432113647460938e+02
1.372536773681640625e+02
1.384112243652343750e+02
1.390778656005859375e+02
1.379233398437500000e+02
1.430827789306640625e+02
1.490100555419921875e+02
1.452118682861328125e+02
1.480817871093750000e+02
1.478280029296875000e+02
1.520436859130859375e+02
1.493930816650390625e+02
1.486056365966796875e+02
1.463822326660156250e+02
1.457338562011718750e+02
1.462946929931640625e+02
1.457739410400390625e+02
1.451784210205078125e+02
1.443339538574218750e+02
1.415811920166015625e+02
1.476412506103515625e+02
1.317590179443359375e+02
1.363925018310546875e+02
1.278144073486328125e+02
1.343633117675781250e+02
1.383463134765625000e+02
1.410653533935546875e+02
1.470385742187500000e+02
1.473212738037109375e+02
1.499254913330078125e+02
1.441965484619140625e+02
1.466564788818359375e+02
1.439151306152343750e+02
1.481800842285156250e+02
1.445809936523437500e+02
1.433938903808593750e+02
1.429698791503906250e+02
1.434391937255859375e+02
1.458825225830078125e+02
1.443350067138671875e+02
1.448937988281250000e+02
1.432132568359375000e+02
1.455550537109375000e+02
1.526995697021484375e+02
1.536653747558593750e+02
1.330531463623046875e+02
1.333932495117187500e+02
1.360346221923828125e+02
1.412025451660156250e+02
1.386843109130859375e+02
1.433673858642578125e+02
1.410586547851562500e+02
1.437478790283203125e+02
1.476024322509765625e+02
1.460971221923828125e+02
1.475487213134765625e+02
1.450307159423828125e+02
1.470740203857421875e+02
1.443026428222656250e+02
1.443293914794921875e+02
1.442217712402343750e+02
1.462206726074218750e+02
1.530575408935546875e+02
1.518173675537109375e+02
1.489324798583984375e+02
1.470453033447265625e+02
1.454696655273437500e+02
1.480460357666015625e+02
1.270932083129882812e+02
1.336118469238281250e+02
1.275790405273437500e+02
1.377713470458984375e+02
1.448618316650390625e+02
1.445333557128906250e+02
1.455320434570312500e+02
1.458136596679687500e+02
1.507943572998046875e+02
1.464272308349609375e+02
1.501631927490234375e+02
1.487516784667968750e+02
1.508021697998046875e+02
1.468516540527343750e+02
1.443130950927734375e+02
1.435428771972656250e+02
1.451461181640625000e+02
1.445918121337890625e+02
1.443941040039062500e+02
1.463350830078125000e+02
1.424289855957031250e+02
